[array([5.94493874e-04, 1.84619940e-04, 1.21372152e-04, 8.78048901e-05,
       5.21175908e-05, 3.81606766e-05, 3.85140162e-05, 3.83373464e-05,
       3.95740350e-05, 4.02807142e-05, 4.78775156e-05, 4.54041383e-05,
       5.44142981e-05, 5.35309491e-05, 5.51209773e-05, 5.63576659e-05,
       5.67110055e-05, 7.13745988e-05, 6.23644391e-05, 7.11979291e-05,
       7.91480701e-05, 7.33179667e-05, 8.40948244e-05, 8.16214471e-05,
       9.66383801e-05, 9.75217291e-05, 1.01585135e-04, 9.82284082e-05,
       1.01938474e-04, 1.09358606e-04, 1.27202255e-04, 1.19428784e-04,
       1.26848916e-04, 1.25082218e-04, 1.41512509e-04, 1.43809216e-04,
       1.53172716e-04, 1.61299527e-04, 1.61122857e-04, 1.64302913e-04,
       1.74196422e-04, 1.83559921e-04, 1.96986826e-04, 2.02640259e-04,
       2.08823703e-04, 2.21013919e-04, 2.29847408e-04, 2.45571021e-04,
       2.50694445e-04, 2.60411284e-04, 2.81611660e-04, 2.83731697e-04,
       3.08642139e-04, 3.19065657e-04, 3.40796042e-04, 3.36025958e-04,
       3.50866221e-04, 3.45389457e-04, 3.63409777e-04, 3.87613539e-04,
       4.10050603e-04, 4.04927179e-04, 4.17824075e-04, 4.30190961e-04,
       4.61991524e-04, 4.64641571e-04, 4.86548626e-04, 4.93085409e-04,
       4.92202060e-04, 5.15345804e-04, 5.30539407e-04, 5.63399990e-04,
       5.45379671e-04, 5.83893685e-04, 5.77003565e-04, 6.04740722e-04,
       6.10747494e-04, 6.37601304e-04, 6.41664709e-04, 6.51204879e-04,
       6.77528680e-04, 6.84418801e-04, 6.81945423e-04, 6.91132255e-04,
       7.06855866e-04, 7.24169506e-04, 7.54733382e-04, 7.58973457e-04,
       7.91834040e-04, 7.57560098e-04, 8.15507793e-04, 7.93247397e-04,
       8.21691236e-04, 8.25401301e-04, 8.59675242e-04, 8.55611837e-04,
       8.54375148e-04, 8.67802053e-04, 8.90769126e-04, 9.16032908e-04,
       9.33523218e-04, 9.35113246e-04, 9.39706661e-04, 9.78220677e-04,
       9.57196972e-04, 9.96947675e-04, 1.01161127e-03, 1.04694523e-03,
       1.06125548e-03, 1.07839245e-03, 1.10118286e-03, 1.15754052e-03,
       1.16266395e-03, 1.18192096e-03, 1.21884494e-03, 1.22732510e-03,
       1.25329555e-03, 1.30382312e-03, 1.34640054e-03, 1.33332697e-03,
       1.37396103e-03, 1.39816479e-03, 1.41477175e-03, 1.45787918e-03,
       1.48649969e-03, 1.52148031e-03, 1.50611004e-03, 1.56882782e-03,
       1.53685058e-03, 1.57819131e-03, 1.60663515e-03, 1.61670533e-03,
       1.60628181e-03, 1.64126243e-03, 1.62112208e-03, 1.66970627e-03,
       1.67041295e-03, 1.67041295e-03, 1.70875030e-03, 1.69161333e-03,
       1.69161333e-03, 1.71440373e-03, 1.72712396e-03, 1.72606394e-03,
       1.74585096e-03, 1.79337513e-03, 1.81369216e-03, 1.80415199e-03,
       1.86280636e-03, 1.88029667e-03, 1.90768049e-03, 2.01703910e-03,
       2.02516591e-03, 2.09565715e-03, 2.13788124e-03, 2.19724229e-03,
       2.30518754e-03, 2.40747935e-03, 2.50199770e-03, 2.55658866e-03,
       2.70587464e-03, 2.85003720e-03, 2.96487257e-03, 3.16079937e-03,
       3.34047256e-03, 3.51272561e-03, 3.69681554e-03, 3.90210585e-03,
       4.20668458e-03, 4.40844150e-03, 4.69393989e-03, 4.95399784e-03,
       5.29726725e-03, 5.56880873e-03, 5.91119481e-03, 6.28573478e-03,
       6.64543449e-03, 7.03269469e-03, 7.42366496e-03, 7.87028621e-03,
       8.39711556e-03, 8.86811723e-03, 9.37250950e-03, 9.91364910e-03,
       1.04659189e-02, 1.10206620e-02, 1.16658602e-02, 1.24440906e-02,
       1.29318760e-02, 1.35958010e-02, 1.42238622e-02, 1.48635835e-02,
       1.55736195e-02, 1.61827769e-02, 1.67279799e-02, 1.73565711e-02,
       1.78901139e-02, 1.84847844e-02, 1.89024318e-02, 1.93805003e-02,
       1.97121095e-02, 2.00521988e-02, 2.04622495e-02, 2.07256641e-02,
       2.07703616e-02, 2.07783117e-02, 2.07950953e-02, 2.05422809e-02,
       2.04141953e-02, 2.01013131e-02, 1.96412649e-02, 1.91151422e-02,
       1.84766576e-02, 1.77120307e-02, 1.69527039e-02, 1.59985103e-02,
       1.50635738e-02, 1.40752829e-02, 1.31242694e-02, 1.20750274e-02,
       1.10733097e-02, 1.01404931e-02, 9.24336389e-03, 8.34499795e-03,
       7.47224915e-03, 6.66133477e-03, 6.00588983e-03, 5.38277544e-03,
       4.76672785e-03, 4.21958148e-03, 3.67685186e-03, 3.22122044e-03,
       2.79756627e-03, 2.44016326e-03, 2.09406713e-03, 1.79973524e-03,
       1.55275086e-03, 1.36830759e-03, 1.15895388e-03, 9.81754073e-04,
       8.60028582e-04, 7.33179666e-04, 6.21347683e-04, 5.47146367e-04,
       4.52981365e-04, 3.96093689e-04, 3.51219560e-04, 2.84968386e-04,
       2.57761237e-04, 2.41684285e-04, 2.15713825e-04, 2.17127183e-04,
       2.52637812e-04, 3.17652299e-04, 4.39377790e-04, 1.31636667e-03]), array([1.32147566e-03, 3.80949444e-04, 2.65789079e-04, 1.62995289e-04,
       1.04326910e-04, 8.44906578e-05, 7.84063165e-05, 8.01373972e-05,
       8.40451718e-05, 8.55293463e-05, 9.33454726e-05, 9.50764840e-05,
       9.75995752e-05, 1.08185585e-04, 1.14171015e-04, 1.15803560e-04,
       1.21739684e-04, 1.30248239e-04, 1.32325476e-04, 1.40141573e-04,
       1.39993181e-04, 1.48946843e-04, 1.57801243e-04, 1.64628095e-04,
       1.74323459e-04, 1.80507286e-04, 1.86344281e-04, 1.93319260e-04,
       2.01382444e-04, 2.06131431e-04, 2.17508784e-04, 2.24730939e-04,
       2.23247199e-04, 2.37345555e-04, 2.41451334e-04, 2.58022774e-04,
       2.56242085e-04, 2.69053965e-04, 2.70439125e-04, 2.73456603e-04,
       2.84388808e-04, 2.93144514e-04, 3.02147995e-04, 3.12783205e-04,
       3.14217634e-04, 3.24853265e-04, 3.13673536e-04, 3.35043776e-04,
       3.30888502e-04, 3.45778209e-04, 3.44046847e-04, 3.48746238e-04,
       3.60964689e-04, 3.62696025e-04, 3.71600039e-04, 3.78575204e-04,
       3.93118636e-04, 3.89161111e-04, 3.96531933e-04, 4.03209882e-04,
       4.17802919e-04, 4.28438417e-04, 4.30862072e-04, 4.51243035e-04,
       4.49709679e-04, 4.64994874e-04, 4.80824597e-04, 4.86364819e-04,
       5.09317948e-04, 5.13373942e-04, 5.41669444e-04, 5.53591362e-04,
       5.72685957e-04, 5.99101352e-04, 6.13991409e-04, 6.37142045e-04,
       6.48321827e-04, 6.76172201e-04, 7.06248027e-04, 7.29893412e-04,
       7.49680303e-04, 7.85643692e-04, 8.06221844e-04, 8.39266526e-04,
       8.81758714e-04, 9.20541404e-04, 9.46561195e-04, 1.00196536e-03,
       1.03303071e-03, 1.07962929e-03, 1.12657371e-03, 1.17267768e-03,
       1.21883077e-03, 1.29080577e-03, 1.34942517e-03, 1.39256088e-03,
       1.46404149e-03, 1.51825789e-03, 1.59285452e-03, 1.66858990e-03,
       1.74135629e-03, 1.80274572e-03, 1.89233140e-03, 1.98641882e-03,
       2.05968016e-03, 2.17869877e-03, 2.27481436e-03, 2.37770685e-03,
       2.49148212e-03, 2.60461483e-03, 2.73026209e-03, 2.86313173e-03,
       2.98833451e-03, 3.11927517e-03, 3.30927970e-03, 3.42983203e-03,
       3.60836051e-03, 3.78035908e-03, 3.94785658e-03, 4.16867941e-03,
       4.31218485e-03, 4.52672538e-03, 4.74146378e-03, 4.98336024e-03,
       5.18617728e-03, 5.41031507e-03, 5.61555545e-03, 5.84409560e-03,
       6.08069887e-03, 6.35628265e-03, 6.53263439e-03, 6.82647164e-03,
       7.09339877e-03, 7.34266543e-03, 7.57778443e-03, 7.88611576e-03,
       8.13117782e-03, 8.39459290e-03, 8.63282824e-03, 8.93601482e-03,
       9.22965449e-03, 9.47056104e-03, 9.71473315e-03, 1.00218771e-02,
       1.02985493e-02, 1.05622604e-02, 1.08690089e-02, 1.12004414e-02,
       1.14898757e-02, 1.18631580e-02, 1.21336959e-02, 1.25161296e-02,
       1.27926531e-02, 1.31391236e-02, 1.34277668e-02, 1.37765627e-02,
       1.41251602e-02, 1.44082137e-02, 1.47300987e-02, 1.49493388e-02,
       1.52609349e-02, 1.54920473e-02, 1.56595941e-02, 1.57806908e-02,
       1.59623849e-02, 1.60629521e-02, 1.61219669e-02, 1.61611949e-02,
       1.61494710e-02, 1.61091058e-02, 1.60022063e-02, 1.58416348e-02,
       1.56746323e-02, 1.54571730e-02, 1.51592298e-02, 1.48693997e-02,
       1.45748205e-02, 1.41706705e-02, 1.37382750e-02, 1.32918795e-02,
       1.27984409e-02, 1.22558808e-02, 1.17616012e-02, 1.11283671e-02,
       1.05705711e-02, 9.95385935e-03, 9.35737967e-03, 8.74417958e-03,
       8.18940152e-03, 7.60063847e-03, 7.01904904e-03, 6.45482200e-03,
       5.97587724e-03, 5.49594303e-03, 5.03663698e-03, 4.63332804e-03,
       4.25737444e-03, 3.88973177e-03, 3.54647641e-03, 3.22637220e-03,
       2.96181955e-03, 2.72749204e-03, 2.47204160e-03, 2.25883680e-03,
       2.09128958e-03, 1.89678359e-03, 1.73893262e-03, 1.58533611e-03,
       1.45726447e-03, 1.33760235e-03, 1.22605335e-03, 1.13399384e-03,
       1.03639452e-03, 9.63974133e-04, 8.77158558e-04, 8.16610216e-04,
       7.35037992e-04, 6.89676550e-04, 6.35806651e-04, 5.82233149e-04,
       5.29994939e-04, 5.01848142e-04, 4.55892832e-04, 4.24085408e-04,
       3.95740094e-04, 3.57254379e-04, 3.36873901e-04, 3.12486177e-04,
       2.88544155e-04, 3.65317875e-04, 2.46298988e-04, 2.24681576e-04,
       2.06230001e-04, 1.87135545e-04, 1.70217851e-04, 1.60670676e-04,
       1.46028172e-04, 1.38509396e-04, 1.29060584e-04, 1.15951902e-04,
       1.10559902e-04, 1.04327073e-04, 9.52250402e-05, 9.07235147e-05,
       8.63700103e-05, 7.69714393e-05, 7.30635297e-05, 6.85122902e-05,
       6.42582192e-05, 6.54454455e-05, 7.42014051e-05, 9.90837682e-05,
       1.56267874e-04, 2.52729568e-04, 3.76200706e-04, 1.26166973e-03]), array([5.27859914e-04, 1.46547598e-04, 9.44005626e-05, 6.22466592e-05,
       2.78254934e-05, 1.73136403e-05, 1.31913450e-05, 1.40158040e-05,
       1.23668859e-05, 1.23668859e-05, 1.19546564e-05, 1.64891812e-05,
       1.07179678e-05, 1.13363121e-05, 1.62830665e-05, 1.25730007e-05,
       1.42219188e-05, 1.46341484e-05, 1.99931323e-05, 1.52524927e-05,
       1.93747880e-05, 2.01992471e-05, 1.79319846e-05, 1.69014108e-05,
       2.41154275e-05, 2.12298209e-05, 2.37031981e-05, 2.57643457e-05,
       2.96805262e-05, 2.41154276e-05, 3.05049854e-05, 2.98866410e-05,
       3.11233296e-05, 3.58639691e-05, 3.11233297e-05, 3.71006577e-05,
       3.71006579e-05, 4.06046088e-05, 2.94744115e-05, 3.97801497e-05,
       4.14290678e-05, 4.22535269e-05, 4.67880517e-05, 4.51391336e-05,
       4.34902155e-05, 5.04981176e-05, 5.29714947e-05, 4.84369699e-05,
       5.27653799e-05, 5.64754457e-05, 6.01855116e-05, 5.85365934e-05,
       6.30711183e-05, 6.18344297e-05, 5.93610525e-05, 5.99793967e-05,
       6.05977411e-05, 6.32772331e-05, 7.06973646e-05, 7.02851350e-05,
       7.42013156e-05, 7.37890860e-05, 7.04912499e-05, 8.01786438e-05,
       7.89419552e-05, 8.20336766e-05, 7.42013156e-05, 8.34764801e-05,
       8.26520209e-05, 9.60494807e-05, 8.73926607e-05, 1.02645153e-04,
       9.97595465e-05, 9.60494806e-05, 1.08828596e-04, 1.11920318e-04,
       1.10683629e-04, 1.19958794e-04, 1.14187580e-04, 1.19340449e-04,
       1.28821728e-04, 1.36654089e-04, 1.36241860e-04, 1.35005171e-04,
       1.41806959e-04, 1.40982500e-04, 1.39333581e-04, 1.61800091e-04,
       1.56853337e-04, 1.64067353e-04, 1.74166977e-04, 1.77258698e-04,
       1.81380994e-04, 1.77670928e-04, 1.83029912e-04, 2.00961896e-04,
       1.99931323e-04, 2.10237061e-04, 2.12092094e-04, 2.31054652e-04,
       2.32497456e-04, 2.33115800e-04, 2.24665094e-04, 2.43833767e-04,
       2.49192752e-04, 2.74544867e-04, 2.57231227e-04, 2.77224360e-04,
       2.79697737e-04, 2.81964999e-04, 2.98041951e-04, 3.08553804e-04,
       3.05255968e-04, 3.19271772e-04, 3.22775723e-04, 3.42562740e-04,
       3.45654462e-04, 3.45242232e-04, 3.67090397e-04, 3.64617020e-04,
       3.75541103e-04, 3.97595383e-04, 4.00893219e-04, 4.30573745e-04,
       4.21916925e-04, 4.26863680e-04, 4.43765090e-04, 4.43765090e-04,
       4.72415042e-04, 4.78392372e-04, 4.97561044e-04, 5.06011749e-04,
       5.18790864e-04, 5.26623226e-04, 5.41051260e-04, 5.62899425e-04,
       5.63105540e-04, 5.83717016e-04, 6.06801869e-04, 6.12160854e-04,
       6.10924164e-04, 6.58330561e-04, 6.76468661e-04, 6.81209301e-04,
       7.30676843e-04, 7.52937239e-04, 7.73342600e-04, 8.04053701e-04,
       8.42391047e-04, 8.51872326e-04, 8.95568657e-04, 9.11851723e-04,
       9.73067808e-04, 1.01697025e-03, 1.02274147e-03, 1.09735501e-03,
       1.16743403e-03, 1.20906922e-03, 1.23874974e-03, 1.29790468e-03,
       1.36798370e-03, 1.45042961e-03, 1.53349386e-03, 1.58770204e-03,
       1.70786695e-03, 1.80803872e-03, 1.88430119e-03, 2.04919300e-03,
       2.10505010e-03, 2.25365885e-03, 2.35630400e-03, 2.54737239e-03,
       2.67660635e-03, 2.85427727e-03, 2.97114435e-03, 3.16715949e-03,
       3.36564801e-03, 3.53280708e-03, 3.71563088e-03, 3.95039560e-03,
       4.17794630e-03, 4.41394770e-03, 4.67324008e-03, 4.94077704e-03,
       5.23201721e-03, 5.54737280e-03, 5.65723197e-03, 6.16448040e-03,
       6.40048182e-03, 6.80961962e-03, 7.21752075e-03, 7.59223739e-03,
       8.03641470e-03, 8.47750031e-03, 8.98722212e-03, 9.36626717e-03,
       9.89350875e-03, 1.03894209e-02, 1.08696683e-02, 1.14049483e-02,
       1.19121967e-02, 1.25558932e-02, 1.31194109e-02, 1.36177964e-02,
       1.41813142e-02, 1.48555156e-02, 1.53060825e-02, 1.57888033e-02,
       1.62793564e-02, 1.67816581e-02, 1.73148770e-02, 1.76395077e-02,
       1.80105143e-02, 1.84645852e-02, 1.86284464e-02, 1.88366223e-02,
       1.91194118e-02, 1.92288587e-02, 1.93494358e-02, 1.92719367e-02,
       1.92335993e-02, 1.93607721e-02, 1.91043654e-02, 1.87706656e-02,
       1.85443516e-02, 1.83196865e-02, 1.79866050e-02, 1.74692570e-02,
       1.71130906e-02, 1.64821733e-02, 1.61012733e-02, 1.56303010e-02,
       1.49645503e-02, 1.43785660e-02, 1.37758865e-02, 1.32853333e-02,
       1.25455874e-02, 1.17747182e-02, 1.10998985e-02, 1.03993144e-02,
       9.70140978e-03, 8.97650415e-03, 8.46472118e-03, 7.50134078e-03,
       6.86733176e-03, 5.89921071e-03, 5.25097977e-03, 4.62830706e-03,
       4.03778826e-03, 3.48643126e-03, 3.04988018e-03, 2.78667163e-03,
       2.73205122e-03, 3.02452807e-03, 3.51281395e-03, 9.01463538e-03]), array([0.0012386 , 0.0009554 , 0.00087434, 0.00057056, 0.00072054,
       0.00044318, 0.00039001, 0.00026645, 0.00023733, 0.00022778,
       0.00020507, 0.00019371, 0.00018989, 0.00019731, 0.00017887,
       0.00018809, 0.00018741, 0.00019708, 0.00018865, 0.00019675,
       0.00019427, 0.00019708, 0.00019888, 0.00020799, 0.00020372,
       0.00021316, 0.00021822, 0.00021721, 0.00021844, 0.00023205,
       0.00023463, 0.00023002, 0.00022609, 0.00024475, 0.00024554,
       0.00025813, 0.0002597 , 0.00025982, 0.00027522, 0.00028444,
       0.00029309, 0.00029355, 0.0003076 , 0.00031502, 0.00033233,
       0.00033571, 0.00034076, 0.00036325, 0.00037236, 0.000389  ,
       0.00040856, 0.00041631, 0.0004243 , 0.00044363, 0.00046691,
       0.00047039, 0.00049164, 0.00050255, 0.00051874, 0.00054246,
       0.00055842, 0.0005781 , 0.00059507, 0.00061047, 0.00064578,
       0.00067051, 0.00067478, 0.00071874, 0.00073909, 0.00075427,
       0.00077585, 0.0008233 , 0.00084072, 0.00089536, 0.000902  ,
       0.00094292, 0.0009916 , 0.00103904, 0.00104905, 0.00108907,
       0.00113753, 0.00117677, 0.0012015 , 0.00128335, 0.00131617,
       0.0013951 , 0.00139172, 0.00146941, 0.00153406, 0.00157172,
       0.0016177 , 0.001662  , 0.00172001, 0.00180883, 0.00187471,
       0.00191428, 0.00194396, 0.00203109, 0.00211676, 0.00213014,
       0.0021976 , 0.00226393, 0.00230519, 0.00239052, 0.00242144,
       0.00250261, 0.0025405 , 0.00260166, 0.00266844, 0.00273567,
       0.00276782, 0.00281639, 0.0028744 , 0.00293219, 0.00298941,
       0.00306035, 0.00307812, 0.00311263, 0.00317683, 0.00323225,
       0.00328004, 0.00336795, 0.00339179, 0.00343339, 0.00349376,
       0.00353198, 0.00356875, 0.00361709, 0.00367443, 0.00375402,
       0.00378528, 0.00385757, 0.00392233, 0.00396921, 0.00404375,
       0.00410536, 0.00421317, 0.00428681, 0.00432414, 0.0044559 ,
       0.00450807, 0.00460858, 0.0047002 , 0.00481893, 0.00485861,
       0.00492101, 0.00504535, 0.0051498 , 0.00532394, 0.00543603,
       0.00552878, 0.00570766, 0.00574374, 0.00593183, 0.00602683,
       0.00619345, 0.00632319, 0.00649846, 0.00661505, 0.00673872,
       0.00695671, 0.00711321, 0.00729489, 0.00744194, 0.00773717,
       0.00787613, 0.00799395, 0.00825951, 0.0084766 , 0.00870606,
       0.00890371, 0.00914363, 0.00941424, 0.00965528, 0.0098446 ,
       0.01009678, 0.01026969, 0.01052366, 0.01070725, 0.01092412,
       0.0110497 , 0.01115077, 0.01138934, 0.0114496 , 0.01155067,
       0.01156203, 0.01166152, 0.0116387 , 0.01176833, 0.01164005,
       0.01168019, 0.01158058, 0.01150727, 0.01143184, 0.01119518,
       0.0111329 , 0.01097033, 0.01082698, 0.0105928 , 0.01045699,
       0.01021123, 0.01001223, 0.00975725, 0.0094709 , 0.0092013 ,
       0.00889033, 0.00864996, 0.00837294, 0.00820554, 0.00788175,
       0.00759507, 0.00729657, 0.00707993, 0.00676918, 0.00653815,
       0.00637344, 0.00614555, 0.0059605 , 0.00576848, 0.00556442,
       0.00541332, 0.00527515, 0.00506581, 0.00488728, 0.00483253,
       0.00461037, 0.00443656, 0.0043102 , 0.00412301, 0.00391097,
       0.00375684, 0.00361304, 0.00340708, 0.00319774, 0.00300572,
       0.00283235, 0.00316738, 0.00244437, 0.00222424, 0.00202918,
       0.0018457 , 0.0017145 , 0.00153833, 0.00146177, 0.00134709,
       0.00126198, 0.00119408, 0.00111887, 0.00103432, 0.000988  ,
       0.00097867, 0.00101172, 0.00117699, 0.00154204, 0.00207359,
       0.00631273]), array([1.32435607e-03, 3.81449726e-04, 2.58330506e-04, 1.48540041e-04,
       7.87358404e-05, 4.94675437e-05, 4.60322977e-05, 4.17725925e-05,
       4.36963303e-05, 4.19100023e-05, 4.10855433e-05, 4.38337402e-05,
       4.79560355e-05, 5.48265277e-05, 5.19409209e-05, 5.41394784e-05,
       5.19409209e-05, 5.97732819e-05, 6.10099706e-05, 6.54070857e-05,
       6.56819052e-05, 6.66437742e-05, 7.13157088e-05, 7.29646269e-05,
       7.69495124e-05, 8.07969881e-05, 8.82171196e-05, 9.01408575e-05,
       8.51941030e-05, 9.46753822e-05, 9.76983988e-05, 1.01820694e-04,
       1.04568891e-04, 1.08416367e-04, 1.16660957e-04, 1.25867417e-04,
       1.28340794e-04, 1.30401942e-04, 1.31226401e-04, 1.45242205e-04,
       1.54586074e-04, 1.55685353e-04, 1.60906927e-04, 1.70663026e-04,
       1.73686042e-04, 1.91824142e-04, 1.93335650e-04, 2.06664405e-04,
       2.11611159e-04, 2.26314013e-04, 2.34833423e-04, 2.50910375e-04,
       2.63552080e-04, 2.76331196e-04, 2.94331885e-04, 3.04362804e-04,
       3.18516018e-04, 3.22500903e-04, 3.41463462e-04, 3.66197234e-04,
       3.81449726e-04, 3.88595038e-04, 4.22810090e-04, 4.33665467e-04,
       4.62796353e-04, 4.86156027e-04, 5.02920027e-04, 5.42906292e-04,
       5.70525671e-04, 5.94709804e-04, 6.11473805e-04, 6.40055052e-04,
       6.63002496e-04, 7.14943416e-04, 7.59051977e-04, 7.69082894e-04,
       8.13878504e-04, 8.99897066e-04, 9.03607132e-04, 9.73136513e-04,
       1.03153570e-03, 1.09488163e-03, 1.13885278e-03, 1.21539007e-03,
       1.26458279e-03, 1.34125748e-03, 1.40144300e-03, 1.51453130e-03,
       1.60013763e-03, 1.69261445e-03, 1.77698410e-03, 1.89268319e-03,
       2.02308513e-03, 2.17382373e-03, 2.24926173e-03, 2.45070456e-03,
       2.56791516e-03, 2.71356959e-03, 2.91597429e-03, 3.06891145e-03,
       3.24823130e-03, 3.44541442e-03, 3.66210974e-03, 3.90120287e-03,
       4.13699816e-03, 4.38461070e-03, 4.67413324e-03, 5.03249811e-03,
       5.21937550e-03, 5.55355624e-03, 5.92428800e-03, 6.29021042e-03,
       6.60858902e-03, 7.01765813e-03, 7.50848609e-03, 7.87482073e-03,
       8.33899118e-03, 8.75245740e-03, 9.19106963e-03, 9.66211057e-03,
       1.02122996e-02, 1.06559960e-02, 1.11207161e-02, 1.16857453e-02,
       1.21062195e-02, 1.26092769e-02, 1.30790811e-02, 1.35541070e-02,
       1.40027501e-02, 1.45166629e-02, 1.48739285e-02, 1.52917919e-02,
       1.56753027e-02, 1.59909332e-02, 1.62437673e-02, 1.66613558e-02,
       1.68184152e-02, 1.70004833e-02, 1.71241521e-02, 1.72469965e-02,
       1.74327746e-02, 1.74252171e-02, 1.74166977e-02, 1.73798719e-02,
       1.72915173e-02, 1.72175908e-02, 1.70496760e-02, 1.69813833e-02,
       1.67167319e-02, 1.65775358e-02, 1.63428398e-02, 1.60094835e-02,
       1.58282399e-02, 1.54966700e-02, 1.51449008e-02, 1.47153576e-02,
       1.44682947e-02, 1.40111321e-02, 1.35641379e-02, 1.31916198e-02,
       1.27201666e-02, 1.22210941e-02, 1.16111318e-02, 1.11546563e-02,
       1.05029214e-02, 9.91494468e-03, 9.32325790e-03, 8.86156082e-03,
       8.23744531e-03, 7.66389662e-03, 7.13363204e-03, 6.66025513e-03,
       6.02899430e-03, 5.60975687e-03, 5.10944763e-03, 4.70917275e-03,
       4.24074259e-03, 3.87811802e-03, 3.51329488e-03, 3.17567890e-03,
       2.87846140e-03, 2.59883237e-03, 2.32923426e-03, 2.12463100e-03,
       1.91521840e-03, 1.71542449e-03, 1.55712835e-03, 1.37863296e-03,
       1.26609430e-03, 1.12744777e-03, 1.02081773e-03, 9.12538772e-04,
       8.41772702e-04, 7.54792271e-04, 6.97354956e-04, 6.05977411e-04,
       5.51975342e-04, 5.15012095e-04, 4.61010026e-04, 4.34627336e-04,
       3.96289989e-04, 3.54654807e-04, 3.27172838e-04, 3.10134017e-04,
       2.76056376e-04, 2.57231227e-04, 2.40054997e-04, 2.13260077e-04,
       2.09137782e-04, 1.92373781e-04, 1.73273813e-04, 1.68327058e-04,
       1.60906927e-04, 1.49776730e-04, 1.33562368e-04, 1.27241515e-04,
       1.28065974e-04, 1.18859515e-04, 1.13637941e-04, 1.06630039e-04,
       1.02232924e-04, 9.42631528e-05, 9.09653166e-05, 8.03847585e-05,
       7.76365616e-05, 7.61250533e-05, 6.44452166e-05, 6.98042006e-05,
       6.78804627e-05, 7.24149877e-05, 6.26588887e-05, 5.60632162e-05,
       5.70250851e-05, 5.20783307e-05, 5.33150194e-05, 5.20783308e-05,
       4.34215106e-05, 4.74063961e-05, 4.17725925e-05, 4.30092811e-05,
       4.19100023e-05, 4.27344614e-05, 4.32841008e-05, 3.49021003e-05,
       3.94366251e-05, 3.87495759e-05, 3.86121661e-05, 3.13294444e-05,
       3.35280019e-05, 3.94366251e-05, 5.09790520e-05, 7.70869223e-05,
       1.41119909e-04, 2.51872244e-04, 3.70731758e-04, 1.30841653e-03]), array([2.29096562e-03, 7.13569318e-04, 4.97148814e-04, 3.44417773e-04,
       2.74544868e-04, 2.17657192e-04, 2.25695668e-04, 2.24458980e-04,
       2.54757850e-04, 2.59704604e-04, 2.75163212e-04, 2.96186918e-04,
       2.97423607e-04, 3.32669232e-04, 3.49364527e-04, 3.79045053e-04,
       4.19855777e-04, 4.26039221e-04, 4.50772992e-04, 4.55101402e-04,
       4.78598485e-04, 4.92820404e-04, 5.29921062e-04, 5.78151917e-04,
       5.78151917e-04, 6.22672707e-04, 6.33802904e-04, 6.73995286e-04,
       6.82652105e-04, 7.19134418e-04, 7.47578255e-04, 8.32291425e-04,
       7.76640435e-04, 8.94125853e-04, 9.17622938e-04, 9.68945510e-04,
       9.78220675e-04, 1.03634504e-03, 1.10065285e-03, 1.15321212e-03,
       1.16805238e-03, 1.19154946e-03, 1.20144297e-03, 1.29481296e-03,
       1.30594315e-03, 1.40982500e-03, 1.47227777e-03, 1.49020975e-03,
       1.52174532e-03, 1.61882536e-03, 1.62686384e-03, 1.64108577e-03,
       1.68065980e-03, 1.76908303e-03, 1.87543825e-03, 1.86678143e-03,
       1.91439394e-03, 1.97128162e-03, 2.06341491e-03, 2.02940598e-03,
       2.10608068e-03, 2.18522875e-03, 2.19264888e-03, 2.30209581e-03,
       2.31198932e-03, 2.39113739e-03, 2.43380315e-03, 2.47585056e-03,
       2.48327070e-03, 2.54448678e-03, 2.54943354e-03, 2.61559638e-03,
       2.71885988e-03, 2.64775028e-03, 2.78811443e-03, 2.77327417e-03,
       2.88272111e-03, 2.93651706e-03, 2.90683654e-03, 2.94270051e-03,
       2.99896983e-03, 2.99402309e-03, 3.09110314e-03, 2.99711481e-03,
       3.09914162e-03, 3.14304406e-03, 3.14180737e-03, 3.17705300e-03,
       3.21724537e-03, 3.28464491e-03, 3.36812138e-03, 3.33905920e-03,
       3.42439071e-03, 3.42686409e-03, 3.42377237e-03, 3.51095892e-03,
       3.52208911e-03, 3.57588507e-03, 3.47076654e-03, 3.64266625e-03,
       3.54620454e-03, 3.52889090e-03, 3.62040586e-03, 3.63153605e-03,
       3.73912796e-03, 3.63895619e-03, 3.64452128e-03, 3.76571677e-03,
       3.73603624e-03, 3.75953332e-03, 3.66740002e-03, 3.73727293e-03,
       3.81518431e-03, 3.78303040e-03, 3.62349758e-03, 3.65874321e-03,
       3.71130247e-03, 3.73294451e-03, 3.67667519e-03, 3.60061884e-03,
       3.53445599e-03, 3.59072533e-03, 3.57341169e-03, 3.52147077e-03,
       3.49797369e-03, 3.46705647e-03, 3.47571329e-03, 3.35884622e-03,
       3.45839965e-03, 3.38976343e-03, 3.36564801e-03, 3.30628695e-03,
       3.27846146e-03, 3.36812138e-03, 3.28464490e-03, 3.32174556e-03,
       3.28959166e-03, 3.29701179e-03, 3.17334293e-03, 3.28217152e-03,
       3.27969815e-03, 3.36193794e-03, 3.46581978e-03, 3.45592627e-03,
       3.52023408e-03, 3.63153606e-03, 3.76077002e-03, 3.73912797e-03,
       4.02109296e-03, 4.12682984e-03, 4.26101054e-03, 4.54421224e-03,
       4.68952314e-03, 4.87502644e-03, 5.14709792e-03, 5.50511927e-03,
       5.81058136e-03, 6.18591635e-03, 6.48519498e-03, 6.83332282e-03,
       7.30882958e-03, 7.76145761e-03, 7.98158818e-03, 8.52449447e-03,
       9.07667596e-03, 9.55712944e-03, 1.01445565e-02, 1.06392319e-02,
       1.10930967e-02, 1.16019940e-02, 1.21826193e-02, 1.28627981e-02,
       1.35052578e-02, 1.38552407e-02, 1.44197890e-02, 1.51321217e-02,
       1.54629359e-02, 1.58747531e-02, 1.60757151e-02, 1.64665086e-02,
       1.67391984e-02, 1.69890095e-02, 1.71973916e-02, 1.72487142e-02,
       1.73043651e-02, 1.69834444e-02, 1.68344235e-02, 1.64417749e-02,
       1.61604282e-02, 1.57467559e-02, 1.49354881e-02, 1.41050517e-02,
       1.33228462e-02, 1.25338389e-02, 1.17646186e-02, 1.08043299e-02,
       9.75809134e-03, 8.92827330e-03, 8.05084273e-03, 7.20989450e-03,
       6.34730420e-03, 5.58859575e-03, 4.96592304e-03, 4.40446642e-03,
       3.91226437e-03, 3.18632816e-03, 2.85304059e-03, 2.44060494e-03,
       2.06032320e-03, 1.74125754e-03, 1.46362095e-03, 1.22988681e-03,
       1.05675041e-03, 8.89179098e-04, 7.66128584e-04, 6.51734888e-04,
       4.98385503e-04, 4.60048157e-04, 3.78426710e-04, 3.20302345e-04,
       2.73926523e-04, 2.26932356e-04, 1.97870175e-04, 1.57059451e-04,
       1.55822763e-04, 1.23668859e-04, 1.06355219e-04, 9.15149558e-05,
       9.08966116e-05, 6.36894626e-05, 6.92545612e-05, 6.67811841e-05,
       5.13225766e-05, 4.69941665e-05, 4.51391336e-05, 3.58639692e-05,
       3.95740350e-05, 3.02988706e-05, 3.33905920e-05, 2.90621819e-05,
       2.47337719e-05, 3.21539034e-05, 2.22603947e-05, 1.60769517e-05,
       1.85503289e-05, 1.60769517e-05, 1.29852302e-05, 1.91686732e-05,
       1.79319846e-05, 1.79319846e-05, 1.85503289e-05, 2.84438377e-05,
       5.68876753e-05, 1.18103761e-04, 1.76846469e-04, 5.56509866e-04]), array([1.18351098e-03, 3.16592280e-04, 2.41154276e-04, 1.29440073e-04,
       6.59567251e-05, 3.58639692e-05, 2.72071491e-05, 3.46272806e-05,
       2.96805262e-05, 2.76193786e-05, 2.76193786e-05, 3.50395102e-05,
       3.25661330e-05, 3.33905920e-05, 3.42150511e-05, 3.54517397e-05,
       3.71006578e-05, 4.45207894e-05, 3.91618055e-05, 3.95740350e-05,
       4.65819370e-05, 4.20474122e-05, 3.54517397e-05, 3.99862645e-05,
       5.19409208e-05, 4.20474122e-05, 3.79251169e-05, 3.75128873e-05,
       4.90553142e-05, 4.69941665e-05, 5.68876754e-05, 4.82308551e-05,
       5.31776097e-05, 4.98797734e-05, 5.19409209e-05, 5.81243639e-05,
       5.60632162e-05, 6.10099706e-05, 5.97732819e-05, 6.34833477e-05,
       6.96667908e-05, 5.02920027e-05, 7.00790203e-05, 6.67811841e-05,
       5.68876754e-05, 8.20336766e-05, 6.67811840e-05, 7.42013154e-05,
       7.21401680e-05, 7.99725291e-05, 9.02782674e-05, 8.49192832e-05,
       8.32703653e-05, 9.15149559e-05, 9.85228580e-05, 9.35761036e-05,
       1.11714203e-04, 1.05118530e-04, 1.04706301e-04, 1.12126433e-04,
       1.16248728e-04, 1.33562368e-04, 1.12126432e-04, 1.29440073e-04,
       1.24493318e-04, 1.40570270e-04, 1.31913450e-04, 1.40982500e-04,
       1.32325679e-04, 1.47165943e-04, 1.53349386e-04, 1.74785321e-04,
       1.64891813e-04, 1.74373092e-04, 1.94984568e-04, 2.05702536e-04,
       2.07763684e-04, 2.06526995e-04, 2.03229159e-04, 2.31672996e-04,
       2.16008274e-04, 2.46513259e-04, 2.60529064e-04, 2.41978735e-04,
       2.56818998e-04, 2.85675065e-04, 2.84026147e-04, 2.90209590e-04,
       3.17416739e-04, 3.37203756e-04, 3.47921724e-04, 3.54105167e-04,
       3.64823135e-04, 3.61937528e-04, 3.93266973e-04, 4.10992843e-04,
       4.21298581e-04, 4.15939597e-04, 4.55925860e-04, 4.61284844e-04,
       4.81071863e-04, 4.94675437e-04, 5.23119274e-04, 5.42081833e-04,
       5.58571013e-04, 5.67640065e-04, 6.08863017e-04, 6.12573083e-04,
       6.25352199e-04, 6.19168756e-04, 6.81003184e-04, 7.19752760e-04,
       7.26760665e-04, 7.11095941e-04, 7.70044763e-04, 7.84472797e-04,
       8.04672044e-04, 8.39711555e-04, 8.56612967e-04, 8.81346739e-04,
       8.77224441e-04, 9.23394150e-04, 9.78220677e-04, 9.63792644e-04,
       9.83167432e-04, 1.03057383e-03, 1.00666452e-03, 1.05860544e-03,
       1.09817947e-03, 1.12332547e-03, 1.16743403e-03, 1.19711456e-03,
       1.19299226e-03, 1.22720731e-03, 1.26843027e-03, 1.29934748e-03,
       1.32985247e-03, 1.30388201e-03, 1.39045021e-03, 1.38344230e-03,
       1.45846808e-03, 1.47990402e-03, 1.44610119e-03, 1.48773638e-03,
       1.55657871e-03, 1.59450383e-03, 1.61305415e-03, 1.63984907e-03,
       1.66664399e-03, 1.66169724e-03, 1.74702875e-03, 1.76022010e-03,
       1.77959489e-03, 1.85626958e-03, 1.83771925e-03, 1.94077663e-03,
       1.98529742e-03, 1.92923421e-03, 2.02198585e-03, 2.11968425e-03,
       2.07969798e-03, 2.18110645e-03, 2.23139845e-03, 2.27921708e-03,
       2.32497455e-03, 2.41236722e-03, 2.40000033e-03, 2.49604981e-03,
       2.54551735e-03, 2.57602234e-03, 2.68485094e-03, 2.77389251e-03,
       2.83820032e-03, 2.90992826e-03, 3.00020653e-03, 3.09254594e-03,
       3.13789119e-03, 3.25702553e-03, 3.33782251e-03, 3.43923098e-03,
       3.65482702e-03, 3.70924132e-03, 3.83497133e-03, 3.93349419e-03,
       4.01635232e-03, 4.19278656e-03, 4.40261139e-03, 4.54194497e-03,
       4.60006934e-03, 4.76908345e-03, 4.90800480e-03, 5.18007629e-03,
       5.30333292e-03, 5.44637656e-03, 5.65496471e-03, 5.77368681e-03,
       5.94270092e-03, 6.24692631e-03, 6.34874701e-03, 6.49879856e-03,
       6.72470034e-03, 6.98151934e-03, 7.25523975e-03, 7.55575507e-03,
       7.76228207e-03, 8.01621546e-03, 8.28045459e-03, 8.46925572e-03,
       8.75987752e-03, 9.16757253e-03, 9.36750385e-03, 9.75087734e-03,
       1.01795960e-02, 1.04739279e-02, 1.07995892e-02, 1.11615268e-02,
       1.15914822e-02, 1.21306784e-02, 1.26451409e-02, 1.28966009e-02,
       1.34535230e-02, 1.38500878e-02, 1.43455877e-02, 1.47586417e-02,
       1.52186898e-02, 1.57459314e-02, 1.61828947e-02, 1.65942998e-02,
       1.68008268e-02, 1.72579893e-02, 1.76846469e-02, 1.79736198e-02,
       1.81863302e-02, 1.83466875e-02, 1.82395078e-02, 1.82378589e-02,
       1.83611156e-02, 1.81179001e-02, 1.78746847e-02, 1.73808337e-02,
       1.70015826e-02, 1.66334616e-02, 1.57216098e-02, 1.51469619e-02,
       1.43290985e-02, 1.34168346e-02, 1.23718327e-02, 1.15432513e-02,
       1.03807641e-02, 9.53651797e-03, 8.81717745e-03, 8.15060230e-03,
       8.37980191e-03, 9.32875428e-03, 1.08070094e-02, 2.76206153e-02]), array([5.56509868e-04, 1.64479583e-04, 1.13775351e-04, 5.62693311e-05,
       3.89556907e-05, 1.79319846e-05, 1.91686732e-05, 1.48402631e-05,
       1.97870175e-05, 2.28787390e-05, 1.91686732e-05, 1.29852303e-05,
       1.48402631e-05, 1.85503289e-05, 1.23668859e-05, 1.66952960e-05,
       1.85503289e-05, 2.04053618e-05, 1.91686732e-05, 2.04053618e-05,
       2.41154276e-05, 1.66952960e-05, 1.91686732e-05, 1.97870175e-05,
       1.79319846e-05, 2.78254933e-05, 2.84438377e-05, 2.34970832e-05,
       2.22603947e-05, 1.54586074e-05, 2.78254933e-05, 2.34970833e-05,
       3.09172148e-05, 2.65888047e-05, 3.52456249e-05, 3.77190021e-05,
       3.64823135e-05, 3.95740350e-05, 3.71006578e-05, 3.71006578e-05,
       3.95740350e-05, 3.64823135e-05, 3.64823135e-05, 4.88491994e-05,
       5.13225765e-05, 4.51391336e-05, 4.51391336e-05, 5.19409209e-05,
       5.13225766e-05, 5.00858880e-05, 5.62693311e-05, 6.55444953e-05,
       6.18344298e-05, 7.48196597e-05, 5.99793967e-05, 7.42013156e-05,
       7.35829711e-05, 7.66746927e-05, 8.59498572e-05, 9.15149560e-05,
       9.64617103e-05, 1.03263497e-04, 8.47131688e-05, 1.21195482e-04,
       1.25523892e-04, 1.10683629e-04, 1.24905548e-04, 1.34799056e-04,
       1.40982500e-04, 1.62624550e-04, 1.40982500e-04, 1.89831699e-04,
       2.09000372e-04, 2.21367258e-04, 2.26314013e-04, 2.41154275e-04,
       2.72071490e-04, 2.83201688e-04, 2.86911754e-04, 3.14737247e-04,
       3.33905920e-04, 3.75953332e-04, 3.85846841e-04, 4.43971205e-04,
       4.66231600e-04, 4.96530470e-04, 5.43524636e-04, 5.91755492e-04,
       6.73995284e-04, 7.24081169e-04, 7.67365272e-04, 8.47750032e-04,
       9.25661414e-04, 1.04562020e-03, 1.07530073e-03, 1.22432171e-03,
       1.30717984e-03, 1.51308849e-03, 1.65839940e-03, 1.79814521e-03,
       1.97128162e-03, 2.13514285e-03, 2.35156336e-03, 2.61435969e-03,
       2.93837210e-03, 3.15664763e-03, 3.58021347e-03, 3.91102767e-03,
       4.37107584e-03, 4.80206181e-03, 5.36599181e-03, 5.89962293e-03,
       6.54517438e-03, 7.19381754e-03, 8.04898774e-03, 8.85654534e-03,
       9.62020057e-03, 1.07431138e-02, 1.16712486e-02, 1.28090021e-02,
       1.43041587e-02, 1.55563058e-02, 1.69222284e-02, 1.82652721e-02,
       1.98451419e-02, 2.13001060e-02, 2.27457950e-02, 2.44258364e-02,
       2.57410547e-02, 2.69443528e-02, 2.83974618e-02, 2.95587124e-02,
       3.04336696e-02, 3.14094169e-02, 3.19393380e-02, 3.20364180e-02,
       3.15924468e-02, 3.15411242e-02, 3.09258716e-02, 2.99359024e-02,
       2.88902822e-02, 2.76127829e-02, 2.62140881e-02, 2.46756475e-02,
       2.28750289e-02, 2.10923423e-02, 1.90858150e-02, 1.74589512e-02,
       1.56657528e-02, 1.40494007e-02, 1.24509807e-02, 1.09706645e-02,
       9.53610573e-03, 8.24438451e-03, 7.27234727e-03, 6.30587514e-03,
       5.51563112e-03, 4.71734864e-03, 4.09714931e-03, 3.48375177e-03,
       3.03236043e-03, 2.57107558e-03, 2.18646543e-03, 1.86678143e-03,
       1.61635199e-03, 1.37643441e-03, 1.19093111e-03, 1.06788060e-03,
       9.27516443e-04, 7.46959910e-04, 6.73995283e-04, 6.03504034e-04,
       5.47853047e-04, 4.71796698e-04, 4.34696040e-04, 3.46272806e-04,
       3.42562740e-04, 2.86293410e-04, 2.78254933e-04, 2.52902818e-04,
       2.20748914e-04, 1.97870175e-04, 2.00343552e-04, 1.67571305e-04,
       1.57059451e-04, 1.42837533e-04, 1.52731041e-04, 1.28615614e-04,
       1.34180712e-04, 1.29233958e-04, 1.06973564e-04, 1.01408465e-04,
       8.84232344e-05, 7.11095941e-05, 7.91480699e-05, 9.46066774e-05,
       7.42013156e-05, 6.73995283e-05, 7.17279384e-05, 5.13225767e-05,
       6.80178727e-05, 5.13225767e-05, 5.31776095e-05, 5.00858880e-05,
       5.25592652e-05, 5.31776095e-05, 4.45207893e-05, 4.32841008e-05,
       4.88491994e-05, 4.01923792e-05, 4.01923792e-05, 3.83373464e-05,
       3.58639692e-05, 4.26657565e-05, 3.33905920e-05, 2.90621819e-05,
       3.02988705e-05, 3.83373464e-05, 2.72071490e-05, 3.09172149e-05,
       2.90621819e-05, 2.96805262e-05, 2.16420504e-05, 1.91686732e-05,
       3.46272806e-05, 2.78254933e-05, 2.16420504e-05, 2.04053617e-05,
       2.53521162e-05, 1.11301973e-05, 2.28787390e-05, 2.41154276e-05,
       2.34970833e-05, 2.16420504e-05, 2.22603947e-05, 1.79319846e-05,
       1.97870175e-05, 2.22603947e-05, 2.41154276e-05, 2.16420504e-05,
       1.48402631e-05, 2.47337718e-05, 1.91686732e-05, 2.04053618e-05,
       1.42219188e-05, 1.73136403e-05, 1.29852302e-05, 1.66952960e-05,
       2.04053618e-05, 1.91686732e-05, 1.97870175e-05, 4.45207893e-05,
       1.01408465e-04, 1.76228125e-04, 2.62177982e-04, 8.85469032e-04]), array([1.35458624e-03, 3.95740350e-04, 2.70422572e-04, 1.64067353e-04,
       9.52250216e-05, 7.46135451e-05, 6.10099707e-05, 6.05977410e-05,
       5.52387571e-05, 6.59567250e-05, 6.14222001e-05, 6.30711183e-05,
       7.62624632e-05, 7.42013154e-05, 7.17279384e-05, 8.90415788e-05,
       8.32703652e-05, 9.02782672e-05, 9.23394148e-05, 1.05942990e-04,
       9.31638740e-05, 9.27516446e-05, 1.01408465e-04, 9.68739399e-05,
       1.22019941e-04, 1.14599809e-04, 1.28203384e-04, 1.24905548e-04,
       1.45104795e-04, 1.43868106e-04, 1.48402631e-04, 1.59120599e-04,
       1.67365190e-04, 1.75197551e-04, 1.82617682e-04, 1.89213355e-04,
       2.18893881e-04, 2.34558603e-04, 2.51460014e-04, 2.40329816e-04,
       2.74544868e-04, 2.79079393e-04, 2.88972901e-04, 3.01339787e-04,
       3.45860577e-04, 3.54517397e-04, 3.89144677e-04, 3.77602250e-04,
       3.98213727e-04, 4.15527367e-04, 4.48505730e-04, 4.67880518e-04,
       4.67056059e-04, 4.72002813e-04, 5.12401307e-04, 5.36310619e-04,
       5.36310619e-04, 5.53212030e-04, 5.91137147e-04, 6.08863019e-04,
       6.30298954e-04, 5.94022754e-04, 6.50085969e-04, 6.46788135e-04,
       6.66162921e-04, 7.23462827e-04, 7.01202433e-04, 7.44074302e-04,
       7.29646270e-04, 7.49845518e-04, 7.78289354e-04, 7.86946176e-04,
       8.00137520e-04, 8.26932441e-04, 8.28581359e-04, 8.73514375e-04,
       8.10855487e-04, 8.49605063e-04, 8.71040999e-04, 8.69804311e-04,
       9.00309295e-04, 8.87530180e-04, 9.30814283e-04, 9.42356707e-04,
       9.40295559e-04, 9.72037233e-04, 9.54311366e-04, 9.68327169e-04,
       9.88938647e-04, 9.87289727e-04, 9.74922840e-04, 9.89763106e-04,
       1.02974937e-03, 1.05736875e-03, 1.06478888e-03, 1.04912416e-03,
       1.10271400e-03, 1.11879095e-03, 1.12250101e-03, 1.07591908e-03,
       1.11508088e-03, 1.12786000e-03, 1.14970816e-03, 1.18309876e-03,
       1.13816574e-03, 1.18392321e-03, 1.20041239e-03, 1.21319151e-03,
       1.24823102e-03, 1.26389574e-03, 1.23833751e-03, 1.28945397e-03,
       1.28698060e-03, 1.30099640e-03, 1.35499847e-03, 1.33521145e-03,
       1.40735162e-03, 1.44486451e-03, 1.41642067e-03, 1.45640693e-03,
       1.49927881e-03, 1.49020976e-03, 1.48856084e-03, 1.49185867e-03,
       1.56028877e-03, 1.56770891e-03, 1.58584701e-03, 1.61181747e-03,
       1.61717645e-03, 1.62954333e-03, 1.64933036e-03, 1.64314691e-03,
       1.65427711e-03, 1.71569931e-03, 1.72188275e-03, 1.80185528e-03,
       1.76764023e-03, 1.81710777e-03, 1.88224004e-03, 1.93953994e-03,
       1.93459319e-03, 2.09371379e-03, 2.11473750e-03, 2.15307484e-03,
       2.29364511e-03, 2.40989384e-03, 2.47337719e-03, 2.65434595e-03,
       2.73390625e-03, 2.93754764e-03, 3.12469985e-03, 3.26691903e-03,
       3.56496099e-03, 3.74634198e-03, 4.01387895e-03, 4.33005899e-03,
       4.51844789e-03, 4.89687460e-03, 5.26582003e-03, 5.59766480e-03,
       6.00412312e-03, 6.49756187e-03, 6.90072235e-03, 7.30470729e-03,
       7.85008696e-03, 8.42555939e-03, 8.97547357e-03, 9.61113152e-03,
       1.02047421e-02, 1.09125402e-02, 1.15696340e-02, 1.23792528e-02,
       1.29947115e-02, 1.36200637e-02, 1.45100673e-02, 1.51931316e-02,
       1.60056360e-02, 1.65604970e-02, 1.71701844e-02, 1.79913457e-02,
       1.86298892e-02, 1.92997622e-02, 1.99222288e-02, 2.04519437e-02,
       2.08786013e-02, 2.13205114e-02, 2.17842696e-02, 2.21577495e-02,
       2.22096904e-02, 2.23143967e-02, 2.23069766e-02, 2.21284812e-02,
       2.18077667e-02, 2.12821740e-02, 2.09490925e-02, 2.02907620e-02,
       1.93912771e-02, 1.83396796e-02, 1.74488516e-02, 1.62731730e-02,
       1.52318812e-02, 1.40368278e-02, 1.29839935e-02, 1.17514273e-02,
       1.08313309e-02, 9.72944140e-03, 8.78543576e-03, 8.00384857e-03,
       7.21113119e-03, 6.61381060e-03, 5.92085275e-03, 5.37629754e-03,
       4.80535964e-03, 4.39395457e-03, 3.83909362e-03, 3.43181085e-03,
       3.10903512e-03, 2.71576815e-03, 2.37567879e-03, 2.03435273e-03,
       1.73631078e-03, 1.52442481e-03, 1.29233958e-03, 1.11961540e-03,
       9.38646642e-04, 7.97251914e-04, 6.94194530e-04, 5.85778164e-04,
       5.19409209e-04, 4.53864713e-04, 3.69769889e-04, 3.42974970e-04,
       2.79491622e-04, 2.34558603e-04, 2.19718340e-04, 1.94572339e-04,
       1.62006206e-04, 1.45517024e-04, 1.32325680e-04, 1.30676761e-04,
       1.09653055e-04, 1.11301973e-04, 8.65682017e-05, 8.20336769e-05,
       7.95602995e-05, 7.42013156e-05, 7.42013156e-05, 6.51322659e-05,
       5.77121344e-05, 6.34833478e-05, 6.55444955e-05, 8.28581359e-05,
       1.40982500e-04, 2.16008275e-04, 3.06286542e-04, 1.07591908e-03]), array([1.74579274e-03, 5.54448648e-04, 3.77601718e-04, 2.29199291e-04,
       1.60768012e-04, 1.31912427e-04, 1.22430132e-04, 1.24079072e-04,
       1.35623596e-04, 1.35622537e-04, 1.60356952e-04, 1.53350285e-04,
       1.95395958e-04, 2.08177127e-04, 2.11472712e-04, 2.17655958e-04,
       2.35382646e-04, 2.70419379e-04, 2.79080460e-04, 2.97629466e-04,
       3.25248384e-04, 3.73891784e-04, 3.83374057e-04, 4.37374079e-04,
       4.75299620e-04, 5.37547566e-04, 5.44967478e-04, 5.80831959e-04,
       6.63274188e-04, 6.69463348e-04, 7.36239905e-04, 8.17452288e-04,
       8.38475643e-04, 9.43182573e-04, 9.86053786e-04, 1.13775517e-03,
       1.14022846e-03, 1.24864520e-03, 1.34304226e-03, 1.41271098e-03,
       1.58007488e-03, 1.66169837e-03, 1.74167082e-03, 1.91892998e-03,
       1.97581759e-03, 2.15966931e-03, 2.32043988e-03, 2.42019776e-03,
       2.58550385e-03, 2.71041091e-03, 2.88066126e-03, 3.03524400e-03,
       3.17375727e-03, 3.33287490e-03, 3.51837796e-03, 3.75335173e-03,
       3.85063572e-03, 4.01594292e-03, 4.22288044e-03, 4.35190732e-03,
       4.59306122e-03, 4.73610514e-03, 5.00611427e-03, 5.18625994e-03,
       5.22871713e-03, 5.51480836e-03, 5.73246263e-03, 5.93198448e-03,
       6.04369720e-03, 6.17437587e-03, 6.31576878e-03, 6.49756426e-03,
       6.76880822e-03, 6.85867302e-03, 7.11178453e-03, 7.12044051e-03,
       7.06437732e-03, 7.27914821e-03, 7.44692720e-03, 7.33686095e-03,
       7.42384222e-03, 7.47495811e-03, 7.52483869e-03, 7.64438502e-03,
       7.55987597e-03, 7.67530367e-03, 7.65345274e-03, 7.55987580e-03,
       7.49845545e-03, 7.56770870e-03, 7.55987941e-03, 7.50628993e-03,
       7.53184447e-03, 7.53225741e-03, 7.47083675e-03, 7.47949358e-03,
       7.43043661e-03, 7.39292556e-03, 7.41642050e-03, 7.39622023e-03,
       7.28533337e-03, 7.35871000e-03, 7.19216973e-03, 7.05242413e-03,
       7.03016507e-03, 6.84630723e-03, 6.82693067e-03, 6.81539223e-03,
       6.63153417e-03, 6.68059230e-03, 6.53301400e-03, 6.54043427e-03,
       6.42748500e-03, 6.23455957e-03, 6.14964007e-03, 6.07956163e-03,
       6.06760810e-03, 6.08450883e-03, 5.89859077e-03, 5.83222407e-03,
       5.84211688e-03, 5.77451081e-03, 5.71308863e-03, 5.58364683e-03,
       5.53830082e-03, 5.36434134e-03, 5.24974309e-03, 5.16276420e-03,
       5.05723228e-03, 4.97189834e-03, 4.78268617e-03, 4.73321929e-03,
       4.61861863e-03, 4.54070768e-03, 4.43105580e-03, 4.31604320e-03,
       4.23730719e-03, 4.22700099e-03, 4.04190945e-03, 4.07447942e-03,
       4.00316006e-03, 3.86011678e-03, 3.89928091e-03, 3.80199341e-03,
       3.82507626e-03, 3.74757872e-03, 3.74427810e-03, 3.67791239e-03,
       3.59670400e-03, 3.67049052e-03, 3.63503883e-03, 3.60742008e-03,
       3.56042447e-03, 3.49653231e-03, 3.46025558e-03, 3.48375097e-03,
       3.45695514e-03, 3.51178179e-03, 3.48828729e-03, 3.59794004e-03,
       3.65606376e-03, 3.77519669e-03, 3.84239145e-03, 3.89474352e-03,
       4.04191220e-03, 4.31150728e-03, 4.38942009e-03, 4.60378162e-03,
       4.76248871e-03, 4.96118303e-03, 5.26787977e-03, 5.46451242e-03,
       5.74276903e-03, 5.83881803e-03, 5.98804599e-03, 6.13067551e-03,
       6.22548860e-03, 6.17684535e-03, 6.37842475e-03, 6.19292267e-03,
       6.18838805e-03, 6.40604942e-03, 6.25517195e-03, 6.09069215e-03,
       6.09563703e-03, 6.03380528e-03, 5.96413865e-03, 5.83469787e-03,
       5.85613346e-03, 5.67640107e-03, 5.57746486e-03, 5.16441265e-03,
       5.05269702e-03, 4.78557138e-03, 4.57987258e-03, 4.42857910e-03,
       4.26368736e-03, 4.17382381e-03, 4.19361159e-03, 4.26781282e-03,
       4.31027343e-03, 4.38241350e-03, 4.40673446e-03, 4.52009601e-03,
       4.64747663e-03, 4.73321879e-03, 4.70766262e-03, 4.78722344e-03,
       4.71054683e-03, 4.67756662e-03, 4.71301971e-03, 4.59635841e-03,
       4.52834172e-03, 4.77897721e-03, 4.60336927e-03, 4.53411150e-03,
       4.46444375e-03, 4.26162695e-03, 3.51590704e-03, 3.61360470e-03,
       2.62672585e-03, 2.05991033e-03, 1.84926130e-03, 1.40734916e-03,
       1.03469790e-03, 8.44657946e-04, 6.85126820e-04, 5.68876820e-04,
       5.43730175e-04, 6.25764547e-04, 3.69768984e-04, 2.82788984e-04,
       2.37854591e-04, 2.17656798e-04, 1.59119028e-04, 1.44281170e-04,
       1.26143377e-04, 1.33974525e-04, 1.19957858e-04, 1.12536732e-04,
       1.15838984e-04, 1.12540132e-04, 1.07180044e-04, 1.05531170e-04,
       1.01822273e-04, 9.27545029e-05, 7.83222515e-05, 7.46133772e-05,
       8.53345029e-05, 8.82190058e-05, 1.14597836e-04, 1.31087880e-04,
       2.41154613e-04, 3.94915848e-04, 5.83303662e-04, 2.01580246e-03]), array([0.01007778, 0.01012477, 0.0050358 , 0.00509763, 0.00395988,
       0.0034281 , 0.00317829, 0.00268238, 0.0023596 , 0.00203683,
       0.00178207, 0.00169921, 0.00154957, 0.0015001 , 0.00140117,
       0.00139127, 0.00135912, 0.00133439, 0.00124658, 0.00132326,
       0.0011934 , 0.00125029, 0.00127255, 0.0013282 , 0.00128987,
       0.00123298, 0.00122927, 0.00123545, 0.00122185, 0.00123545,
       0.00125277, 0.00126761, 0.00134552, 0.00126142, 0.00126884,
       0.00130965, 0.00130347, 0.0013282 , 0.00134799, 0.00132202,
       0.00137767, 0.00138385, 0.00147166, 0.00141477, 0.00147166,
       0.00159533, 0.00152607, 0.00162872, 0.00160522, 0.00164109,
       0.0016819 , 0.00165716, 0.00166829, 0.00174002, 0.00170663,
       0.00169426, 0.00170539, 0.00165222, 0.00168684, 0.00174002,
       0.00169055, 0.00168561, 0.00174126, 0.00166582, 0.00167571,
       0.00167942, 0.00171405, 0.00161635, 0.00153597, 0.0016349 ,
       0.00164727, 0.00161883, 0.00154091, 0.00151123, 0.00155452,
       0.00151865, 0.00160399, 0.0016077 , 0.00157554, 0.00151989,
       0.00152855, 0.00154833, 0.00155328, 0.00158296, 0.00161264,
       0.00164232, 0.00160893, 0.00170787, 0.00165964, 0.00165098,
       0.00173136, 0.00174868, 0.00169179, 0.00174373, 0.00172642,
       0.00187853, 0.00180928, 0.00182164, 0.00189584, 0.00197252,
       0.00195644, 0.00194036, 0.00191068, 0.00197994, 0.00203806,
       0.00202075, 0.00212216, 0.00210484, 0.00203188, 0.00214689,
       0.00227798, 0.00216792, 0.00225448, 0.00228664, 0.00240536,
       0.00236455, 0.00238681, 0.00242267, 0.00246348, 0.00259334,
       0.00250677, 0.00256984, 0.00257479, 0.0025686 , 0.00274545,
       0.00264899, 0.00267867, 0.00272071, 0.00276153, 0.00274421,
       0.00279615, 0.00271824, 0.00274421, 0.00288643, 0.00290622,
       0.00288148, 0.00301876, 0.00315356, 0.00305709, 0.00311398,
       0.00314243, 0.00314119, 0.00318324, 0.00309296, 0.00324507,
       0.00328217, 0.00330443, 0.00326733, 0.00336132, 0.00359134,
       0.00360124, 0.00354559, 0.0034887 , 0.00366926, 0.00360495,
       0.00366554, 0.00378056, 0.00380034, 0.00386589, 0.0039067 ,
       0.00400934, 0.004018  , 0.00404026, 0.00412436, 0.0041157 ,
       0.00441745, 0.00412559, 0.00447681, 0.00433583, 0.00447805,
       0.00461038, 0.00453865, 0.00453865, 0.00472662, 0.00478227,
       0.00482061, 0.004854  , 0.00487997, 0.00507537, 0.00515452,
       0.00522996, 0.0051978 , 0.00532147, 0.00539691, 0.0053462 ,
       0.0056999 , 0.00570608, 0.00574318, 0.00575802, 0.00589406,
       0.00588787, 0.0060338 , 0.00616737, 0.00626135, 0.00623538,
       0.00623538, 0.00649633, 0.0065495 , 0.0065223 , 0.00644562,
       0.0069304 , 0.00680797, 0.00685002, 0.00674119, 0.00674861,
       0.00683889, 0.00688217, 0.00682899, 0.00689949, 0.00674737,
       0.0068426 , 0.00691185, 0.00667688, 0.0068191 , 0.0068055 ,
       0.0066942 , 0.00681168, 0.00671646, 0.0067078 , 0.00679313,
       0.0066608 , 0.00671151, 0.00645922, 0.0064988 , 0.00646046,
       0.0063875 , 0.00638997, 0.00633803, 0.00629598, 0.00639368,
       0.00620199, 0.00611048, 0.00615129, 0.00591755, 0.00587922,
       0.00584583, 0.00583841, 0.00573824, 0.00560591, 0.0056257 ,
       0.00553171, 0.00559107, 0.00534744, 0.00518049, 0.00508032,
       0.00489852, 0.00494057, 0.00491336, 0.00489729, 0.00487255,
       0.00516812, 0.0059324 , 0.00809907, 0.0115111 , 0.01527681,
       0.05173687]), array([1.26513243e-03, 3.47509495e-04, 2.72071490e-04, 1.94160109e-04,
       1.28615614e-04, 1.06355219e-04, 8.53315129e-05, 1.06355219e-04,
       1.03881842e-04, 1.26142237e-04, 1.23668859e-04, 1.34799057e-04,
       1.39745811e-04, 1.39745811e-04, 1.74373092e-04, 1.81793223e-04,
       1.90450043e-04, 1.62006206e-04, 1.97870175e-04, 1.94160109e-04,
       2.26314013e-04, 2.21367258e-04, 2.27550701e-04, 2.46101030e-04,
       2.52284473e-04, 2.62177982e-04, 2.53521162e-04, 2.83201688e-04,
       3.21539034e-04, 3.09172148e-04, 3.36379297e-04, 3.35142609e-04,
       3.31432543e-04, 3.62349758e-04, 3.94503661e-04, 3.36379297e-04,
       3.80900087e-04, 4.39024451e-04, 3.66059824e-04, 4.34077696e-04,
       3.87083530e-04, 4.31604319e-04, 4.31604319e-04, 4.47681271e-04,
       4.64994911e-04, 4.09343924e-04, 4.41497828e-04, 4.26657565e-04,
       4.43971205e-04, 4.74888420e-04, 4.48917959e-04, 4.82308551e-04,
       5.25592652e-04, 4.47681271e-04, 4.92202060e-04, 5.16935832e-04,
       4.32841008e-04, 5.09515700e-04, 4.69941665e-04, 4.43971205e-04,
       4.66231600e-04, 4.82308551e-04, 4.92202060e-04, 4.83545240e-04,
       4.64994911e-04, 4.66231600e-04, 4.69941665e-04, 4.71178354e-04,
       4.78598486e-04, 4.60048157e-04, 4.22947499e-04, 5.04568946e-04,
       4.31604319e-04, 4.72415043e-04, 4.95912126e-04, 4.46444582e-04,
       4.41497828e-04, 4.89728683e-04, 4.76125108e-04, 5.18172521e-04,
       4.63758222e-04, 4.92202060e-04, 4.86018617e-04, 4.81071863e-04,
       4.81071863e-04, 5.10752389e-04, 4.90965371e-04, 4.86018617e-04,
       4.92202060e-04, 4.41497828e-04, 4.97148814e-04, 4.92202060e-04,
       5.24355963e-04, 4.86018617e-04, 5.07042323e-04, 4.99622192e-04,
       5.29302718e-04, 5.19409209e-04, 5.36722849e-04, 5.70113441e-04,
       5.33012784e-04, 5.89900459e-04, 5.68876753e-04, 6.04740722e-04,
       5.88663770e-04, 5.54036490e-04, 5.78770262e-04, 6.80178726e-04,
       6.34421248e-04, 6.60391709e-04, 6.75231972e-04, 6.73995283e-04,
       7.50669976e-04, 7.32119647e-04, 7.49433287e-04, 8.12504406e-04,
       8.11267717e-04, 8.89179098e-04, 8.80522278e-04, 9.38646642e-04,
       1.00171776e-03, 1.06726226e-03, 1.14393695e-03, 1.11672980e-03,
       1.21442820e-03, 1.32944024e-03, 1.36159414e-03, 1.38632791e-03,
       1.52731041e-03, 1.53967730e-03, 1.69673675e-03, 1.86863646e-03,
       1.94036440e-03, 2.05537644e-03, 2.17409855e-03, 2.36454859e-03,
       2.53892168e-03, 2.63043664e-03, 2.80480973e-03, 3.04967407e-03,
       3.29824848e-03, 3.44665111e-03, 3.69522552e-03, 4.11198957e-03,
       4.36303736e-03, 4.57203773e-03, 4.92696736e-03, 5.29426387e-03,
       5.68011071e-03, 6.13273873e-03, 6.58660345e-03, 7.03304803e-03,
       7.41765818e-03, 7.96674792e-03, 8.58138215e-03, 9.12057837e-03,
       9.95163311e-03, 1.05786342e-02, 1.10955701e-02, 1.18697371e-02,
       1.25004483e-02, 1.37643440e-02, 1.44989371e-02, 1.51247015e-02,
       1.61944371e-02, 1.69723143e-02, 1.79319846e-02, 1.89312290e-02,
       2.00096214e-02, 2.08493330e-02, 2.15629023e-02, 2.28082477e-02,
       2.37703914e-02, 2.42267295e-02, 2.47869495e-02, 2.50788080e-02,
       2.55809035e-02, 2.59123361e-02, 2.56056373e-02, 2.56674718e-02,
       2.50083167e-02, 2.45062212e-02, 2.35898349e-02, 2.29665439e-02,
       2.17706660e-02, 2.05636579e-02, 1.97647571e-02, 1.82696006e-02,
       1.72975634e-02, 1.57380990e-02, 1.45211975e-02, 1.31274494e-02,
       1.15679851e-02, 1.06726226e-02, 9.38399304e-03, 8.17698498e-03,
       7.47701923e-03, 6.46788134e-03, 5.77286235e-03, 4.87997319e-03,
       4.37911431e-03, 3.78179372e-03, 3.37492317e-03, 2.81222986e-03,
       2.53521162e-03, 2.10113392e-03, 1.85503289e-03, 1.55451756e-03,
       1.41353506e-03, 1.24287204e-03, 1.11178305e-03, 9.79457366e-04,
       8.22397914e-04, 7.24699516e-04, 6.36894625e-04, 5.05805635e-04,
       4.58811468e-04, 4.19237433e-04, 3.35142609e-04, 3.28959166e-04,
       2.75781556e-04, 2.17657192e-04, 1.99106863e-04, 1.79319846e-04,
       1.75609780e-04, 1.48402631e-04, 1.28615614e-04, 1.12538662e-04,
       1.05118530e-04, 1.17485416e-04, 8.78048901e-05, 6.55444954e-05,
       7.42013156e-05, 6.30711183e-05, 5.31776095e-05, 4.69941665e-05,
       5.19409209e-05, 4.20474122e-05, 3.46272806e-05, 2.96805262e-05,
       2.96805262e-05, 3.09172148e-05, 3.95740350e-05, 2.84438376e-05,
       3.33905920e-05, 2.34970833e-05, 2.72071490e-05, 1.48402631e-05,
       2.47337719e-05, 2.72071490e-05, 1.73136403e-05, 3.95740350e-05,
       4.57574779e-05, 9.27516445e-05, 1.02645153e-04, 4.24184187e-04]), array([4.35314385e-04, 1.34180712e-04, 8.34764803e-05, 5.37959538e-05,
       3.21539035e-05, 3.27722478e-05, 2.28787390e-05, 2.28787390e-05,
       2.10237061e-05, 2.41154276e-05, 2.22603947e-05, 2.65888047e-05,
       2.59704604e-05, 2.84438377e-05, 3.09172149e-05, 3.64823135e-05,
       3.02988706e-05, 3.64823135e-05, 3.64823135e-05, 4.39024451e-05,
       3.83373464e-05, 3.77190021e-05, 4.45207893e-05, 4.51391337e-05,
       4.45207894e-05, 6.18344296e-05, 5.50326424e-05, 5.31776095e-05,
       5.93610525e-05, 6.12160853e-05, 6.30711182e-05, 7.17279384e-05,
       7.66746928e-05, 9.27516445e-05, 7.97664143e-05, 8.59498571e-05,
       1.09446941e-04, 1.10683629e-04, 1.03881842e-04, 1.00790121e-04,
       1.32944024e-04, 1.34180712e-04, 1.45929254e-04, 1.34180712e-04,
       1.59532828e-04, 1.68189649e-04, 1.61387862e-04, 1.92305076e-04,
       2.01580240e-04, 2.10237061e-04, 2.39917587e-04, 2.49811096e-04,
       2.50429440e-04, 2.68979769e-04, 3.04225394e-04, 3.20920689e-04,
       3.38234330e-04, 3.45654461e-04, 3.82136775e-04, 3.89556907e-04,
       3.99450415e-04, 4.23565843e-04, 4.73651731e-04, 5.04568946e-04,
       4.93438748e-04, 5.04568946e-04, 5.26210996e-04, 5.84335360e-04,
       5.91137147e-04, 5.94228869e-04, 6.43078068e-04, 6.67193496e-04,
       7.03057465e-04, 7.43249844e-04, 7.24699515e-04, 7.80968847e-04,
       8.32291424e-04, 8.41566588e-04, 8.60116916e-04, 9.05874395e-04,
       9.51631870e-04, 9.73892266e-04, 1.02892491e-03, 1.02706987e-03,
       1.06726226e-03, 1.11487477e-03, 1.24472707e-03, 1.21999330e-03,
       1.27317090e-03, 1.38941963e-03, 1.39622143e-03, 1.41415341e-03,
       1.53534889e-03, 1.59223656e-03, 1.68375152e-03, 1.74805933e-03,
       1.75857117e-03, 1.80680204e-03, 1.99601539e-03, 2.05475810e-03,
       2.11288246e-03, 2.22480278e-03, 2.32930297e-03, 2.37691547e-03,
       2.63538339e-03, 2.65888048e-03, 2.80109966e-03, 2.93899045e-03,
       3.13933400e-03, 3.22157379e-03, 3.50786720e-03, 3.71068412e-03,
       3.89495073e-03, 4.16083877e-03, 4.29192776e-03, 4.71425692e-03,
       5.07536999e-03, 5.50264589e-03, 5.86685069e-03, 6.25022415e-03,
       6.78261859e-03, 7.14744173e-03, 7.81216184e-03, 8.39958892e-03,
       9.04266700e-03, 9.71418891e-03, 1.05526638e-02, 1.11957418e-02,
       1.20416368e-02, 1.29178307e-02, 1.39077999e-02, 1.47332896e-02,
       1.57782914e-02, 1.67936127e-02, 1.76827919e-02, 1.86523557e-02,
       1.95205111e-02, 2.02872580e-02, 2.12265230e-02, 2.19771930e-02,
       2.26617001e-02, 2.34624560e-02, 2.42941291e-02, 2.46329818e-02,
       2.51901099e-02, 2.54788768e-02, 2.55654449e-02, 2.58783271e-02,
       2.60125079e-02, 2.58882207e-02, 2.52204089e-02, 2.48766094e-02,
       2.41061524e-02, 2.31062897e-02, 2.22214390e-02, 2.07200990e-02,
       1.93832387e-02, 1.79697036e-02, 1.65079377e-02, 1.48625235e-02,
       1.35578171e-02, 1.22277585e-02, 1.08080400e-02, 9.69811197e-03,
       8.50718083e-03, 7.47949261e-03, 6.65400298e-03, 5.75864044e-03,
       5.02157403e-03, 4.63201713e-03, 3.94132655e-03, 3.47756833e-03,
       2.98598461e-03, 2.64713194e-03, 2.35218171e-03, 2.02322254e-03,
       1.77402979e-03, 1.53596723e-03, 1.33933375e-03, 1.17856423e-03,
       9.86877495e-04, 9.49158494e-04, 7.84060567e-04, 6.70285216e-04,
       6.09069132e-04, 5.03332257e-04, 4.57574780e-04, 4.14290679e-04,
       3.28959166e-04, 3.06080427e-04, 2.69598113e-04, 2.27550701e-04,
       2.15802160e-04, 1.76846469e-04, 1.54586074e-04, 1.39127467e-04,
       1.16867072e-04, 8.71865457e-05, 8.47131685e-05, 9.27516445e-05,
       8.22397912e-05, 6.12160853e-05, 6.24527740e-05, 5.62693310e-05,
       4.01923793e-05, 5.25592652e-05, 4.01923792e-05, 4.01923793e-05,
       3.64823135e-05, 2.78254933e-05, 2.90621819e-05, 3.21539034e-05,
       2.41154276e-05, 2.47337718e-05, 2.22603947e-05, 1.85503289e-05,
       2.47337718e-05, 2.16420504e-05, 1.54586074e-05, 1.73136403e-05,
       1.42219188e-05, 1.23668859e-05, 1.54586074e-05, 1.29852302e-05,
       1.42219188e-05, 1.79319846e-05, 1.42219188e-05, 9.89350873e-06,
       1.29852302e-05, 1.23668859e-05, 1.23668859e-05, 1.05118530e-05,
       1.29852302e-05, 1.54586074e-05, 1.17485416e-05, 6.80178726e-06,
       4.94675437e-06, 4.94675437e-06, 6.18344297e-06, 8.65682016e-06,
       1.05118530e-05, 7.42013156e-06, 6.18344297e-06, 9.27516443e-06,
       6.80178726e-06, 6.18344297e-06, 4.32841008e-06, 7.42013156e-06,
       6.18344297e-06, 7.42013156e-06, 8.65682016e-06, 1.29852302e-05,
       1.91686732e-05, 5.00858880e-05, 6.12160854e-05, 2.11473749e-04]), array([3.46272806e-05, 1.60769517e-05, 9.89350875e-06, 9.89350875e-06,
       2.47337719e-06, 2.47337719e-06, 3.71006578e-06, 6.18344297e-06,
       4.94675437e-06, 1.23668859e-06, 3.71006578e-06, 6.18344297e-06,
       3.71006578e-06, 1.23668859e-06, 2.47337719e-06, 4.94675437e-06,
       7.42013156e-06, 2.47337719e-06, 2.47337719e-06, 1.23668859e-06,
       0.00000000e+00, 9.89350875e-06, 2.47337719e-06, 6.18344297e-06,
       2.47337719e-06, 1.23668859e-06, 4.94675437e-06, 3.71006578e-06,
       4.94675437e-06, 4.94675437e-06, 6.18344297e-06, 6.18344297e-06,
       2.47337719e-06, 7.42013156e-06, 6.18344297e-06, 1.23668859e-05,
       8.65682015e-06, 8.65682015e-06, 4.94675437e-06, 1.23668859e-05,
       1.36035745e-05, 7.42013156e-06, 9.89350875e-06, 1.73136403e-05,
       3.71006578e-06, 1.48402631e-05, 1.85503289e-05, 1.73136403e-05,
       1.73136403e-05, 2.10237061e-05, 1.23668859e-05, 2.10237061e-05,
       1.97870175e-05, 2.96805262e-05, 2.84438376e-05, 4.20474122e-05,
       3.58639692e-05, 3.95740350e-05, 5.07042323e-05, 5.07042323e-05,
       6.05977411e-05, 6.67811840e-05, 8.53315129e-05, 7.79113814e-05,
       1.12538662e-04, 8.90415787e-05, 1.24905548e-04, 1.16248728e-04,
       1.21195482e-04, 1.44692565e-04, 1.65716271e-04, 1.47165943e-04,
       1.89213355e-04, 2.10237061e-04, 2.25077324e-04, 2.21367258e-04,
       2.59704605e-04, 2.48574407e-04, 2.69598113e-04, 3.28959166e-04,
       3.33905920e-04, 3.54929626e-04, 3.88320218e-04, 3.98213727e-04,
       4.73651731e-04, 4.62521534e-04, 5.28066029e-04, 5.50326424e-04,
       5.58983244e-04, 5.98557279e-04, 6.80178726e-04, 6.51734889e-04,
       7.97664143e-04, 7.71693682e-04, 9.02782673e-04, 9.16386248e-04,
       1.07344570e-03, 1.10312623e-03, 1.14517364e-03, 1.20082462e-03,
       1.28739283e-03, 1.34428050e-03, 1.39869480e-03, 1.55822763e-03,
       1.60893186e-03, 1.75733449e-03, 1.90944719e-03, 2.00961896e-03,
       2.06279657e-03, 2.20130570e-03, 2.37320541e-03, 2.46472037e-03,
       2.63909346e-03, 2.76028894e-03, 3.11150850e-03, 3.18818319e-03,
       3.35513615e-03, 3.62102420e-03, 3.80034405e-03, 4.25297207e-03,
       4.41745165e-03, 4.75877771e-03, 5.01477225e-03, 5.25097977e-03,
       5.57746556e-03, 5.73823507e-03, 6.24527740e-03, 6.73253270e-03,
       7.15424351e-03, 7.69838649e-03, 8.08794340e-03, 8.68773737e-03,
       9.11439493e-03, 9.62514732e-03, 1.00431481e-02, 1.06515989e-02,
       1.13676415e-02, 1.20898677e-02, 1.26587444e-02, 1.35058761e-02,
       1.40636227e-02, 1.47920323e-02, 1.55056016e-02, 1.61462063e-02,
       1.68857461e-02, 1.76846469e-02, 1.81249080e-02, 1.86801812e-02,
       1.92169040e-02, 1.96633486e-02, 1.99156331e-02, 2.06972203e-02,
       2.03262137e-02, 2.05154271e-02, 2.06180722e-02, 2.12611503e-02,
       2.13477185e-02, 2.14033695e-02, 2.12821740e-02, 2.16061864e-02,
       2.13007243e-02, 2.13675055e-02, 2.13959494e-02, 2.11547951e-02,
       2.08184158e-02, 2.00900062e-02, 1.97635204e-02, 1.92354544e-02,
       1.85577490e-02, 1.76586764e-02, 1.67398168e-02, 1.60917920e-02,
       1.51098612e-02, 1.39127467e-02, 1.27069753e-02, 1.17151510e-02,
       1.07023031e-02, 9.36049596e-03, 8.18935186e-03, 7.27420230e-03,
       6.10800496e-03, 5.29550056e-03, 4.52504356e-03, 3.70511903e-03,
       3.22404716e-03, 2.69103438e-03, 2.26066675e-03, 1.88718679e-03,
       1.48773638e-03, 1.21195482e-03, 1.03139829e-03, 8.52078441e-04,
       7.23462827e-04, 5.98557279e-04, 4.82308551e-04, 3.84610152e-04,
       2.93095197e-04, 2.63414670e-04, 2.47337719e-04, 1.75609780e-04,
       1.57059451e-04, 1.11301973e-04, 1.01408465e-04, 8.65682015e-05,
       8.65682015e-05, 6.92545612e-05, 6.05977411e-05, 3.58639692e-05,
       3.83373464e-05, 3.58639692e-05, 2.96805262e-05, 2.10237061e-05,
       1.73136403e-05, 2.10237061e-05, 1.60769517e-05, 1.36035745e-05,
       1.36035745e-05, 1.48402631e-05, 6.18344297e-06, 1.23668859e-05,
       9.89350875e-06, 8.65682015e-06, 7.42013156e-06, 1.36035745e-05,
       7.42013156e-06, 8.65682015e-06, 7.42013156e-06, 4.94675437e-06,
       2.47337719e-06, 4.94675437e-06, 1.11301973e-05, 2.47337719e-06,
       1.23668859e-06, 1.23668859e-06, 4.94675437e-06, 3.71006578e-06,
       4.94675437e-06, 6.18344297e-06, 1.23668859e-06, 3.71006578e-06,
       3.71006578e-06, 2.47337719e-06, 4.94675437e-06, 2.47337719e-06,
       3.71006578e-06, 2.47337719e-06, 0.00000000e+00, 2.47337719e-06,
       1.23668859e-06, 4.94675437e-06, 2.47337719e-06, 4.94675437e-06,
       1.36035745e-05, 1.48402631e-05, 2.59704605e-05, 9.15149559e-05]), array([3.83373464e-05, 1.36035745e-05, 6.18344297e-06, 6.18344297e-06,
       6.18344297e-06, 1.23668859e-06, 2.47337719e-06, 3.71006578e-06,
       3.71006578e-06, 2.47337719e-06, 6.18344297e-06, 4.94675437e-06,
       4.94675437e-06, 7.42013156e-06, 8.65682015e-06, 4.94675437e-06,
       1.11301973e-05, 1.23668859e-05, 1.23668859e-05, 9.89350875e-06,
       1.11301973e-05, 1.73136403e-05, 7.42013156e-06, 1.85503289e-05,
       2.34970833e-05, 2.22603947e-05, 2.59704605e-05, 2.59704605e-05,
       2.47337719e-05, 4.20474122e-05, 4.32841008e-05, 3.09172148e-05,
       4.82308551e-05, 5.19409209e-05, 7.66746928e-05, 4.45207894e-05,
       6.18344297e-05, 7.54380042e-05, 9.15149559e-05, 6.92545612e-05,
       1.17485416e-04, 1.13775351e-04, 1.21195482e-04, 1.28615614e-04,
       1.47165943e-04, 1.52112697e-04, 2.23840635e-04, 2.04053618e-04,
       2.01580241e-04, 2.11473749e-04, 1.91686732e-04, 2.58467916e-04,
       2.91858508e-04, 2.91858508e-04, 3.28959166e-04, 3.05462083e-04,
       3.59876381e-04, 4.05633859e-04, 3.93266973e-04, 4.19237433e-04,
       4.66231600e-04, 5.19409209e-04, 4.99622192e-04, 5.47853047e-04,
       5.62693310e-04, 5.87427082e-04, 6.02267345e-04, 5.80006950e-04,
       6.14634231e-04, 6.45551446e-04, 6.62865086e-04, 6.86362169e-04,
       7.72930371e-04, 6.87598858e-04, 7.37066402e-04, 7.16042695e-04,
       7.77877125e-04, 7.11095941e-04, 8.10031029e-04, 7.48196599e-04,
       7.66746928e-04, 7.30882959e-04, 7.23462827e-04, 7.22226138e-04,
       7.56853419e-04, 7.30882959e-04, 7.11095941e-04, 8.00137520e-04,
       7.40776467e-04, 7.60563485e-04, 8.12504406e-04, 7.66746928e-04,
       7.63036862e-04, 7.89007322e-04, 7.87770634e-04, 7.86533945e-04,
       7.74167059e-04, 7.48196599e-04, 7.03675810e-04, 7.71693682e-04,
       7.37066402e-04, 7.07385875e-04, 6.91308924e-04, 7.11095941e-04,
       6.64101775e-04, 7.16042695e-04, 6.57918332e-04, 6.62865086e-04,
       6.31947871e-04, 6.60391709e-04, 7.04912498e-04, 6.41841380e-04,
       6.41841380e-04, 5.88663770e-04, 6.45551446e-04, 6.29474494e-04,
       5.99793968e-04, 6.31947871e-04, 6.23291051e-04, 6.20817674e-04,
       6.51734889e-04, 5.72586819e-04, 5.73823507e-04, 5.88663770e-04,
       5.89900459e-04, 5.89900459e-04, 5.37959538e-04, 5.91137148e-04,
       5.77533573e-04, 5.36722849e-04, 6.38131314e-04, 5.55273178e-04,
       5.55273178e-04, 5.87427082e-04, 5.62693310e-04, 5.40432915e-04,
       5.81243639e-04, 6.02267345e-04, 5.72586819e-04, 5.39196227e-04,
       5.93610525e-04, 5.96083902e-04, 6.20817674e-04, 6.62865086e-04,
       6.72758595e-04, 6.40604691e-04, 6.51734889e-04, 5.81243639e-04,
       6.48024823e-04, 5.77533573e-04, 6.25764428e-04, 6.07214099e-04,
       6.27001117e-04, 6.70285217e-04, 6.93782301e-04, 6.54208266e-04,
       6.97492367e-04, 6.87598858e-04, 6.60391709e-04, 6.92545612e-04,
       6.88835546e-04, 7.12332630e-04, 6.76468660e-04, 7.19752761e-04,
       7.84060568e-04, 7.72930371e-04, 8.08794340e-04, 8.71865458e-04,
       9.34936576e-04, 9.55960283e-04, 1.00790120e-03, 1.07715576e-03,
       1.09570609e-03, 1.26884250e-03, 1.37272434e-03, 1.49515651e-03,
       1.47413280e-03, 1.68807993e-03, 1.95149460e-03, 2.22603947e-03,
       2.43009309e-03, 2.64280352e-03, 2.99525977e-03, 3.21168028e-03,
       3.48746183e-03, 4.12188308e-03, 4.40632146e-03, 4.91583716e-03,
       5.53294477e-03, 6.17725952e-03, 6.77705349e-03, 7.46341566e-03,
       8.13493757e-03, 9.12428844e-03, 9.80323048e-03, 1.09484041e-02,
       1.15407780e-02, 1.28442477e-02, 1.39869480e-02, 1.52186898e-02,
       1.61993839e-02, 1.78379963e-02, 1.89238089e-02, 2.03806280e-02,
       2.17273819e-02, 2.31433903e-02, 2.44654104e-02, 2.61374134e-02,
       2.71576815e-02, 2.85180390e-02, 3.04336696e-02, 3.06748239e-02,
       3.19374829e-02, 3.29824848e-02, 3.33238108e-02, 3.32038520e-02,
       3.35439414e-02, 3.32904202e-02, 3.16320208e-02, 2.98128519e-02,
       2.83745831e-02, 2.54696016e-02, 2.29009994e-02, 2.03942316e-02,
       1.72666461e-02, 1.45397478e-02, 1.19760923e-02, 9.85146133e-03,
       7.73054040e-03, 6.27866799e-03, 5.00364205e-03, 4.05262852e-03,
       3.02617699e-03, 2.39546580e-03, 1.82658905e-03, 1.45187241e-03,
       1.09075934e-03, 8.54551818e-04, 5.76296884e-04, 4.50154648e-04,
       3.95740350e-04, 3.10408837e-04, 2.18893881e-04, 1.71899714e-04,
       1.36035745e-04, 1.08828596e-04, 9.39883331e-05, 6.92545612e-05,
       4.45207894e-05, 5.31776095e-05, 2.84438376e-05, 2.96805262e-05,
       2.22603947e-05, 3.58639692e-05, 3.33905920e-05, 1.31088991e-04])]