[array([0.00000000e+00, 0.00000000e+00, 0.00000000e+00, 0.00000000e+00,
       0.00000000e+00, 0.00000000e+00, 0.00000000e+00, 0.00000000e+00,
       0.00000000e+00, 0.00000000e+00, 7.70336646e-07, 5.77752486e-07,
       7.70336646e-07, 3.85168324e-07, 5.77752486e-07, 7.70336646e-07,
       1.15550497e-06, 5.77752486e-07, 5.77752486e-07, 3.85168324e-07,
       7.70336646e-07, 9.62920808e-07, 1.54067329e-06, 1.54067329e-06,
       1.54067329e-06, 1.15550497e-06, 2.31100994e-06, 7.70336646e-07,
       2.69617826e-06, 2.11842578e-06, 3.27393075e-06, 6.35527734e-06,
       5.97010901e-06, 7.12561398e-06, 1.34808913e-05, 1.15550497e-05,
       1.27105547e-05, 2.17620103e-05, 1.82954954e-05, 2.46507727e-05,
       2.52285253e-05, 3.13912184e-05, 3.54354857e-05, 4.08278423e-05,
       5.14199711e-05, 4.96867137e-05, 5.89307535e-05, 7.37597339e-05,
       7.29893972e-05, 8.47370312e-05, 1.00143764e-04, 1.03610279e-04,
       1.17476339e-04, 1.14009824e-04, 1.43282616e-04, 1.53489577e-04,
       1.81414280e-04, 1.85458548e-04, 2.00287528e-04, 2.31100994e-04,
       2.48818737e-04, 2.74239846e-04, 2.93690847e-04, 2.90416916e-04,
       2.96964777e-04, 2.99660955e-04, 3.30281838e-04, 3.41451718e-04,
       3.55702947e-04, 3.79198215e-04, 3.70724512e-04, 3.50503174e-04,
       3.67835748e-04, 3.99804719e-04, 4.21181561e-04, 4.25033246e-04,
       4.49106265e-04, 4.41017730e-04, 4.63742662e-04, 4.64512998e-04,
       4.92822869e-04, 5.00526237e-04, 4.92822870e-04, 5.21325326e-04,
       5.33458128e-04, 5.34421049e-04, 5.49635197e-04, 5.58686652e-04,
       5.63501257e-04, 5.56375643e-04, 5.73708218e-04, 5.68508445e-04,
       5.87766861e-04, 5.88152030e-04, 6.00092248e-04, 5.81796752e-04,
       5.59071821e-04, 5.69086197e-04, 5.58686653e-04, 5.60034741e-04,
       5.74285970e-04, 5.70434287e-04, 6.02595841e-04, 5.92388881e-04,
       6.37838744e-04, 6.65378279e-04, 6.58445248e-04, 6.95036239e-04,
       7.42989695e-04, 7.99031686e-04, 8.20601113e-04, 8.47370312e-04,
       8.83768718e-04, 9.33840599e-04, 9.49439918e-04, 9.95274946e-04,
       1.04226548e-03, 1.14067599e-03, 1.16455643e-03, 1.25795974e-03,
       1.28434377e-03, 1.39122798e-03, 1.43879627e-03, 1.58535282e-03,
       1.65622379e-03, 1.73383521e-03, 1.80085450e-03, 1.88154726e-03,
       1.86440727e-03, 1.84591919e-03, 1.81029112e-03, 1.76098957e-03,
       1.73306487e-03, 1.72863543e-03, 1.74770127e-03, 1.76715227e-03,
       1.72478375e-03, 1.70263657e-03, 1.67605996e-03, 1.63349886e-03,
       1.60884809e-03, 1.61000359e-03, 1.60152989e-03, 1.61424044e-03,
       1.63754313e-03, 1.61770696e-03, 1.59633012e-03, 1.57283485e-03,
       1.61924763e-03, 1.57148676e-03, 1.58207889e-03, 1.54741374e-03,
       1.58727866e-03, 1.62752875e-03, 1.63426920e-03, 1.66604558e-03,
       1.69108152e-03, 1.72959836e-03, 1.78121091e-03, 1.87365131e-03,
       1.93874476e-03, 1.99786809e-03, 2.05198424e-03, 2.18794866e-03,
       2.33777914e-03, 2.56637654e-03, 2.81095842e-03, 3.01028303e-03,
       3.13642566e-03, 3.37677069e-03, 3.65698065e-03, 3.91234725e-03,
       4.01749820e-03, 4.29270096e-03, 4.35952767e-03, 4.53381634e-03,
       4.69135018e-03, 5.01181022e-03, 5.35557295e-03, 5.73958577e-03,
       6.02923235e-03, 6.27651041e-03, 6.86966963e-03, 7.83509403e-03,
       8.59098687e-03, 8.95285250e-03, 9.22901818e-03, 9.67234693e-03,
       1.04012780e-02, 1.11968431e-02, 1.21439721e-02, 1.29817132e-02,
       1.40534440e-02, 1.49038957e-02, 1.54660489e-02, 1.60590155e-02,
       1.69501024e-02, 1.76690191e-02, 1.78552480e-02, 1.77158170e-02,
       1.78504334e-02, 1.88147023e-02, 1.95078126e-02, 2.00441596e-02,
       1.99058841e-02, 1.95784911e-02, 1.95340041e-02, 1.96401180e-02,
       1.91503765e-02, 1.80512986e-02, 1.68859719e-02, 1.62604585e-02,
       1.55492452e-02, 1.42246513e-02, 1.25449323e-02, 1.12028133e-02,
       1.03639167e-02, 9.23460313e-03, 7.73225409e-03, 6.11069545e-03,
       5.54565351e-03, 5.25619953e-03, 4.57888103e-03, 3.62597460e-03,
       2.85621570e-03, 2.37205912e-03, 1.85728165e-03, 1.27163322e-03,
       8.44481549e-04, 5.85841020e-04, 3.86708997e-04, 2.02983706e-04,
       1.06499041e-04, 5.21903079e-05, 2.69617826e-05, 1.42512280e-05,
       6.16269318e-06, 5.00718820e-06, 5.58494070e-06, 3.08134659e-06,
       2.88876243e-06, 2.11842578e-06, 1.34808913e-06, 1.34808913e-06,
       5.77752486e-07, 1.34808913e-06, 7.70336646e-07, 5.77752486e-07,
       7.70336648e-07, 1.15550497e-06, 7.70336648e-07, 7.70336646e-07,
       1.92584162e-07, 1.92584162e-07, 1.92584162e-07, 1.92584162e-07]), array([7.40708315e-07, 1.48141663e-06, 3.18504575e-06, 3.33318741e-06,
       5.03681654e-06, 5.33309987e-06, 5.99973735e-06, 7.03672898e-06,
       7.25894147e-06, 9.33292476e-06, 1.62215121e-05, 2.48877994e-05,
       2.74062076e-05, 2.17027536e-05, 2.00731953e-05, 2.01472661e-05,
       2.46655869e-05, 2.77765618e-05, 3.30355908e-05, 4.35536489e-05,
       4.79978988e-05, 5.62938319e-05, 7.05154315e-05, 8.05890646e-05,
       9.50328764e-05, 1.03921376e-04, 1.19476251e-04, 1.31475726e-04,
       1.52882196e-04, 1.75029374e-04, 1.90436107e-04, 2.06953903e-04,
       2.21545857e-04, 2.41544981e-04, 2.62136672e-04, 2.93320492e-04,
       3.04579259e-04, 3.03764480e-04, 2.96579609e-04, 3.02357134e-04,
       3.06134746e-04, 3.14652892e-04, 3.13467758e-04, 3.16282450e-04,
       3.17023158e-04, 3.15097317e-04, 3.14208467e-04, 3.21467408e-04,
       3.22874754e-04, 3.20726700e-04, 3.18134221e-04, 3.07690233e-04,
       3.02801559e-04, 2.97394388e-04, 2.85839339e-04, 2.74506501e-04,
       2.75765706e-04, 2.66877206e-04, 2.74728714e-04, 2.61840389e-04,
       2.53840740e-04, 2.47100293e-04, 2.42952327e-04, 2.35545244e-04,
       2.29619577e-04, 2.25471611e-04, 2.19397803e-04, 2.23397628e-04,
       2.16286828e-04, 2.18286740e-04, 2.23175415e-04, 2.32212057e-04,
       2.30286215e-04, 2.42211619e-04, 2.49840914e-04, 2.51026048e-04,
       2.51544544e-04, 2.65840214e-04, 2.70877030e-04, 2.80432168e-04,
       2.88802172e-04, 2.97468459e-04, 3.17097230e-04, 3.18800859e-04,
       3.17467583e-04, 3.32726175e-04, 3.41762816e-04, 3.61539729e-04,
       3.65243270e-04, 3.80353719e-04, 4.02574969e-04, 4.35240206e-04,
       4.60942784e-04, 4.98496696e-04, 5.23977061e-04, 5.66271507e-04,
       5.90714881e-04, 6.36638796e-04, 6.95376966e-04, 7.36486277e-04,
       7.92187541e-04, 8.38926237e-04, 9.23959551e-04, 1.01728880e-03,
       1.09321140e-03, 1.14513505e-03, 1.19194782e-03, 1.20550278e-03,
       1.27179617e-03, 1.30883159e-03, 1.34179311e-03, 1.36653277e-03,
       1.41971563e-03, 1.50371195e-03, 1.57170897e-03, 1.66881583e-03,
       1.72436896e-03, 1.80192112e-03, 1.89036169e-03, 1.96709907e-03,
       2.05709513e-03, 2.19034856e-03, 2.34197155e-03, 2.51181596e-03,
       2.66210568e-03, 2.86261542e-03, 3.06334738e-03, 3.31378085e-03,
       3.61243445e-03, 3.85768297e-03, 4.14285567e-03, 4.41402899e-03,
       4.66327733e-03, 4.96370863e-03, 5.25169602e-03, 5.59745866e-03,
       6.03610612e-03, 6.34964796e-03, 6.75392655e-03, 7.04280279e-03,
       7.33449373e-03, 7.64862812e-03, 7.85373024e-03, 8.11408923e-03,
       8.37533706e-03, 8.58636484e-03, 8.80176282e-03, 8.96405202e-03,
       9.28026039e-03, 9.56454425e-03, 9.97348932e-03, 1.03771013e-02,
       1.09925558e-02, 1.16451198e-02, 1.22892398e-02, 1.28958058e-02,
       1.34731139e-02, 1.39445007e-02, 1.42402655e-02, 1.46375814e-02,
       1.47792049e-02, 1.49656411e-02, 1.55244315e-02, 1.60139656e-02,
       1.63203966e-02, 1.64762417e-02, 1.67222309e-02, 1.70023668e-02,
       1.71949509e-02, 1.73356855e-02, 1.75170850e-02, 1.76020442e-02,
       1.76481163e-02, 1.74696797e-02, 1.71619894e-02, 1.69315551e-02,
       1.61320345e-02, 1.53906596e-02, 1.42637459e-02, 1.30405402e-02,
       1.18253342e-02, 1.06763474e-02, 9.42840207e-03, 8.17875307e-03,
       7.12376221e-03, 6.01381081e-03, 5.09422143e-03, 4.36106834e-03,
       3.74746557e-03, 3.21756285e-03, 2.80432168e-03, 2.41174627e-03,
       2.03554052e-03, 1.70348098e-03, 1.42149333e-03, 1.17446710e-03,
       9.78105329e-04, 7.66410893e-04, 6.40786763e-04, 5.66271505e-04,
       5.15681128e-04, 4.68572079e-04, 4.36425339e-04, 4.20870465e-04,
       3.69613449e-04, 2.87765180e-04, 2.20508865e-04, 1.94435933e-04,
       1.64585388e-04, 1.25327846e-04, 9.70327893e-05, 8.25889770e-05,
       6.56267566e-05, 6.79229524e-05, 5.17755111e-05, 4.22203739e-05,
       3.95538240e-05, 3.62947074e-05, 3.17763867e-05, 2.59247910e-05,
       2.04435494e-05, 1.88139912e-05, 1.71103621e-05, 1.85177078e-05,
       1.48882371e-05, 1.54067329e-05, 1.78510704e-05, 2.46655869e-05,
       5.86640985e-05, 2.54285164e-04, 5.99973734e-06, 9.62920809e-07,
       5.18495821e-07, 2.96283326e-07, 3.70354157e-07, 2.96283326e-07,
       2.22212494e-07, 3.70354157e-07, 1.48141663e-07, 1.48141663e-07,
       0.00000000e+00, 0.00000000e+00, 7.40708314e-08, 7.40708314e-08,
       0.00000000e+00, 0.00000000e+00, 1.48141663e-07, 0.00000000e+00,
       0.00000000e+00, 0.00000000e+00, 0.00000000e+00, 0.00000000e+00,
       0.00000000e+00, 0.00000000e+00, 0.00000000e+00, 0.00000000e+00]), array([4.12680347e-07, 1.37560115e-07, 9.62920809e-07, 1.65072139e-06,
       9.62920810e-07, 1.51316127e-06, 2.06340173e-06, 1.51316127e-06,
       2.06340173e-06, 1.65072139e-06, 1.23804104e-06, 1.37560115e-06,
       1.37560115e-06, 1.10048092e-06, 6.87800579e-07, 2.20096185e-06,
       1.65072139e-06, 1.65072139e-06, 2.47608208e-06, 3.30144277e-06,
       5.36484450e-06, 4.53948381e-06, 5.63996472e-06, 7.97848669e-06,
       8.52872715e-06, 9.35408786e-06, 1.29306509e-05, 1.70574543e-05,
       1.71950144e-05, 1.60945335e-05, 2.17344982e-05, 2.35227798e-05,
       2.69617827e-05, 2.73744630e-05, 3.12261462e-05, 2.91627445e-05,
       3.52153896e-05, 3.92046329e-05, 4.37441167e-05, 4.85587207e-05,
       5.06221225e-05, 5.58494070e-05, 5.46113659e-05, 6.19020519e-05,
       6.61664156e-05, 6.46532542e-05, 7.12561399e-05, 7.60707440e-05,
       8.50121514e-05, 8.28111895e-05, 8.28111895e-05, 8.54248317e-05,
       7.49702630e-05, 7.85468259e-05, 7.86843861e-05, 7.82717057e-05,
       7.04307791e-05, 6.74044566e-05, 7.74463450e-05, 6.97429786e-05,
       7.57956235e-05, 7.81341456e-05, 7.02932191e-05, 7.74463450e-05,
       6.80922571e-05, 7.22190606e-05, 7.19439403e-05, 7.64834242e-05,
       8.00599872e-05, 7.86843860e-05, 8.03351075e-05, 8.44619109e-05,
       9.12023566e-05, 8.88638346e-05, 9.60169607e-05, 9.34033184e-05,
       9.67047611e-05, 1.01656925e-04, 1.03445207e-04, 1.00831565e-04,
       1.07021770e-04, 1.09360292e-04, 1.09085172e-04, 1.03857887e-04,
       1.02069606e-04, 1.15000257e-04, 1.08947611e-04, 1.23391424e-04,
       1.29306509e-04, 1.26005066e-04, 1.35634274e-04, 1.35084034e-04,
       1.41686919e-04, 1.41549359e-04, 1.41686919e-04, 1.51866368e-04,
       1.57368772e-04, 1.59569734e-04, 1.66035059e-04, 1.73463306e-04,
       1.83230074e-04, 1.89145159e-04, 1.86118836e-04, 1.91896361e-04,
       2.04827012e-04, 2.00562648e-04, 1.81854473e-04, 2.10466977e-04,
       2.05789933e-04, 1.99599728e-04, 2.06477733e-04, 2.16382062e-04,
       2.12117698e-04, 2.11567457e-04, 2.21884466e-04, 2.29587833e-04,
       2.33026836e-04, 2.54898894e-04, 2.57787656e-04, 2.52560372e-04,
       2.75120231e-04, 2.99605932e-04, 2.77458753e-04, 2.97267410e-04,
       3.07446858e-04, 3.06621497e-04, 3.05521016e-04, 3.40461286e-04,
       3.48577333e-04, 3.30419397e-04, 3.46376371e-04, 3.27255515e-04,
       3.29731597e-04, 3.41011526e-04, 3.48027092e-04, 3.40048606e-04,
       3.32345239e-04, 3.53667057e-04, 3.43350048e-04, 3.51741216e-04,
       3.84480522e-04, 3.80353719e-04, 3.70311831e-04, 3.94797531e-04,
       4.17770071e-04, 3.94109731e-04, 4.17357390e-04, 4.48033297e-04,
       4.49408897e-04, 4.24097836e-04, 4.61239068e-04, 4.87650609e-04,
       4.84211607e-04, 5.01956861e-04, 5.72250080e-04, 5.67435476e-04,
       5.94259698e-04, 6.58500273e-04, 6.67029000e-04, 6.85599615e-04,
       7.60019638e-04, 8.24535333e-04, 8.37603543e-04, 8.90701749e-04,
       1.00515176e-03, 9.82454345e-04, 1.09497852e-03, 1.23033767e-03,
       1.29774213e-03, 1.32332831e-03, 1.53008116e-03, 1.65787451e-03,
       1.68304801e-03, 1.91456169e-03, 2.15226557e-03, 2.24278012e-03,
       2.44004133e-03, 2.80154931e-03, 2.95974344e-03, 3.02288354e-03,
       3.49705326e-03, 3.73173081e-03, 3.73998442e-03, 4.10960845e-03,
       4.60620047e-03, 4.58102697e-03, 4.85917352e-03, 5.42977288e-03,
       5.42206951e-03, 5.57861292e-03, 6.14742399e-03, 6.32116243e-03,
       6.44881822e-03, 6.88089454e-03, 7.43374864e-03, 7.41462779e-03,
       8.16364261e-03, 9.04265175e-03, 9.27664150e-03, 9.56042803e-03,
       1.07072667e-02, 1.09621656e-02, 1.05802987e-02, 1.16243800e-02,
       1.23348780e-02, 1.19294883e-02, 1.27468705e-02, 1.44262044e-02,
       1.41777709e-02, 1.46434118e-02, 1.60129604e-02, 1.61783076e-02,
       1.57514586e-02, 1.74481250e-02, 1.81758181e-02, 1.68863295e-02,
       1.72481126e-02, 1.85711658e-02, 1.73571978e-02, 1.66805396e-02,
       1.78671331e-02, 1.79328869e-02, 1.63704791e-02, 1.61047130e-02,
       1.65991040e-02, 1.54129231e-02, 1.46885316e-02, 1.54885812e-02,
       1.44208396e-02, 1.34928591e-02, 1.32847306e-02, 1.24054463e-02,
       1.14320710e-02, 1.11277880e-02, 1.04148139e-02, 9.00523539e-03,
       8.05414476e-03, 7.29316220e-03, 6.57386036e-03, 6.08524684e-03,
       5.73845778e-03, 4.97238549e-03, 4.39353253e-03, 3.38535444e-03,
       2.58365409e-03, 1.72624189e-03, 1.21121682e-03, 8.94828551e-04,
       6.18470280e-04, 4.26573918e-04, 3.32895479e-04, 2.69067586e-04,
       2.06752854e-04, 1.45538602e-04, 1.32883072e-04, 1.08810051e-04]), array([4.81460404e-07, 8.66628728e-07, 7.70336647e-07, 1.44438121e-06,
       9.62920808e-07, 1.44438121e-06, 1.15550497e-06, 1.25179705e-06,
       1.15550497e-06, 5.77752485e-07, 1.54067329e-06, 1.05921289e-06,
       1.82954954e-06, 1.25179705e-06, 7.70336647e-07, 2.11842577e-06,
       1.54067329e-06, 3.08134658e-06, 4.52572780e-06, 6.06640109e-06,
       9.24403977e-06, 1.20365101e-05, 1.78140350e-05, 2.61914460e-05,
       2.73469510e-05, 3.05245896e-05, 4.51609859e-05, 4.88200850e-05,
       5.95085060e-05, 6.98117586e-05, 7.18338923e-05, 7.63596201e-05,
       8.18482688e-05, 8.35815261e-05, 9.13811847e-05, 1.03706571e-04,
       1.06884210e-04, 1.16320834e-04, 1.28164760e-04, 1.43475200e-04,
       1.47038007e-04, 1.59074518e-04, 1.69762939e-04, 1.78718102e-04,
       1.95665508e-04, 2.09338984e-04, 2.27634479e-04, 2.46507727e-04,
       2.50551995e-04, 2.82520965e-04, 2.92053881e-04, 3.22000718e-04,
       3.19304540e-04, 3.47229244e-04, 3.63021145e-04, 3.72842937e-04,
       3.94508655e-04, 3.95375285e-04, 4.02308314e-04, 4.11456061e-04,
       4.08952468e-04, 4.35721666e-04, 4.51995028e-04, 4.57291092e-04,
       4.74045914e-04, 5.00815113e-04, 5.14103420e-04, 5.25658469e-04,
       5.48672277e-04, 5.69567658e-04, 5.67064064e-04, 5.84878099e-04,
       5.87766862e-04, 5.82181921e-04, 6.12225050e-04, 6.18002574e-04,
       6.30809422e-04, 6.38801664e-04, 6.50260422e-04, 6.60467383e-04,
       6.59119293e-04, 7.00621180e-04, 7.12753982e-04, 7.23057235e-04,
       7.37597339e-04, 7.48863513e-04, 7.44819246e-04, 7.74380914e-04,
       7.76114172e-04, 7.71973613e-04, 7.82662033e-04, 8.01824158e-04,
       8.10779320e-04, 8.35622678e-04, 8.61043787e-04, 8.56710644e-04,
       8.98886575e-04, 9.10441625e-04, 9.10249041e-04, 9.49921377e-04,
       9.62631932e-04, 9.70335298e-04, 9.86512369e-04, 1.01645921e-03,
       1.04736896e-03, 1.09599646e-03, 1.10475904e-03, 1.14115745e-03,
       1.17755586e-03, 1.19017012e-03, 1.23186459e-03, 1.24833054e-03,
       1.29984680e-03, 1.32969734e-03, 1.38429495e-03, 1.42830044e-03,
       1.44794402e-03, 1.47625389e-03, 1.49782332e-03, 1.52285926e-03,
       1.52680723e-03, 1.55174688e-03, 1.60258910e-03, 1.66681592e-03,
       1.72314679e-03, 1.75001228e-03, 1.82088325e-03, 1.88318422e-03,
       1.94644812e-03, 1.95886980e-03, 2.03166661e-03, 2.05506559e-03,
       2.12025533e-03, 2.17148272e-03, 2.27894468e-03, 2.37706631e-03,
       2.51784533e-03, 2.60999685e-03, 2.73151746e-03, 2.88625883e-03,
       3.03570414e-03, 3.15876542e-03, 3.28394512e-03, 3.43464223e-03,
       3.56954744e-03, 3.69713444e-03, 3.96588564e-03, 4.18783889e-03,
       4.42856909e-03, 4.65177414e-03, 4.86785356e-03, 5.03029830e-03,
       5.21566056e-03, 5.45571672e-03, 5.73217128e-03, 6.00506304e-03,
       6.23231235e-03, 6.69422545e-03, 7.02469988e-03, 7.35007083e-03,
       7.70269242e-03, 7.99744248e-03, 8.39657315e-03, 8.69382681e-03,
       9.03354528e-03, 9.28948962e-03, 9.68630929e-03, 1.00813957e-02,
       1.04876520e-02, 1.08497102e-02, 1.13893310e-02, 1.16840811e-02,
       1.21640008e-02, 1.26292842e-02, 1.29503219e-02, 1.30015493e-02,
       1.35394369e-02, 1.37012076e-02, 1.37548423e-02, 1.39727513e-02,
       1.44222427e-02, 1.45090982e-02, 1.40102089e-02, 1.39226794e-02,
       1.37969219e-02, 1.36115597e-02, 1.34190718e-02, 1.35377036e-02,
       1.33976950e-02, 1.32858999e-02, 1.31348176e-02, 1.23374229e-02,
       1.17310716e-02, 1.11503341e-02, 1.06735920e-02, 1.02467292e-02,
       9.88207108e-03, 9.59252080e-03, 8.94283813e-03, 8.42170539e-03,
       7.78020755e-03, 7.12253263e-03, 6.68228524e-03, 6.26880704e-03,
       5.95046543e-03, 5.46361267e-03, 5.23424493e-03, 4.93304330e-03,
       4.42096201e-03, 4.31244084e-03, 4.10213894e-03, 3.73507352e-03,
       3.27277524e-03, 3.22347370e-03, 2.88548849e-03, 2.35742272e-03,
       2.03725155e-03, 1.86045929e-03, 1.61125539e-03, 1.45699547e-03,
       1.37832485e-03, 1.16657856e-03, 1.09368545e-03, 9.58395081e-04,
       8.96094105e-04, 7.15353869e-04, 6.05773481e-04, 5.59553282e-04,
       5.21903078e-04, 4.63453785e-04, 4.64609290e-04, 5.53198004e-04,
       4.27055378e-04, 3.15934318e-04, 1.86421469e-04, 1.38371720e-04,
       1.37216215e-04, 6.46119862e-05, 1.46363963e-05, 3.27393075e-06,
       1.54067329e-06, 9.62920809e-07, 7.70336646e-07, 1.15550497e-06,
       4.81460405e-07, 8.66628728e-07, 9.62920808e-07, 1.05921289e-06,
       6.74044566e-07, 1.15550497e-06, 8.66628728e-07, 9.62920808e-07,
       7.70336647e-07, 3.85168324e-07, 8.66628728e-07, 1.05921289e-06]), array([1.34808913e-06, 1.63696537e-06, 2.59988619e-06, 3.65909907e-06,
       5.48864861e-06, 5.87381693e-06, 5.77752485e-06, 5.58494068e-06,
       5.58494068e-06, 5.87381692e-06, 6.45156942e-06, 6.45156943e-06,
       9.53291601e-06, 9.43662392e-06, 9.62920809e-06, 1.18439259e-05,
       1.27105547e-05, 1.36734755e-05, 1.49252725e-05, 1.33845992e-05,
       1.52141488e-05, 1.43475200e-05, 1.75251587e-05, 1.57919013e-05,
       2.20508865e-05, 3.19689708e-05, 3.46651491e-05, 5.11310950e-05,
       5.44050256e-05, 6.51897387e-05, 6.65378279e-05, 7.11598478e-05,
       7.75151250e-05, 7.75151251e-05, 8.00187192e-05, 7.74188330e-05,
       8.44481549e-05, 8.98405114e-05, 9.19589372e-05, 1.02358482e-04,
       1.14780160e-04, 1.25275997e-04, 1.38371721e-04, 1.37986552e-04,
       1.60037439e-04, 1.60326314e-04, 1.66392716e-04, 1.65333503e-04,
       1.56763507e-04, 1.56282048e-04, 1.62059572e-04, 1.78332933e-04,
       1.73999790e-04, 1.79392147e-04, 1.82762369e-04, 1.92102701e-04,
       1.96532137e-04, 2.01250449e-04, 2.18294147e-04, 2.28693692e-04,
       2.21856954e-04, 2.44678177e-04, 2.53344465e-04, 2.69906703e-04,
       2.94846352e-04, 3.11312298e-04, 3.24504312e-04, 3.52236431e-04,
       3.67932041e-04, 3.84590571e-04, 4.11744938e-04, 4.23685156e-04,
       4.32544027e-04, 4.60661315e-04, 4.66727717e-04, 4.88008266e-04,
       5.10925781e-04, 5.34998801e-04, 5.78233945e-04, 6.00381124e-04,
       6.04810559e-04, 6.38705372e-04, 6.45542110e-04, 6.72792769e-04,
       7.16894541e-04, 7.47611715e-04, 7.82662033e-04, 8.09238647e-04,
       8.59695698e-04, 8.84057594e-04, 9.23152179e-04, 9.86608660e-04,
       1.04255436e-03, 1.08915973e-03, 1.16378609e-03, 1.24091605e-03,
       1.32093476e-03, 1.43427054e-03, 1.54731745e-03, 1.64736492e-03,
       1.75973778e-03, 1.89907242e-03, 2.02675572e-03, 2.19411135e-03,
       2.34971936e-03, 2.54971801e-03, 2.70811848e-03, 2.90946522e-03,
       3.10657511e-03, 3.32756544e-03, 3.54123757e-03, 3.74576194e-03,
       4.01913516e-03, 4.31783320e-03, 4.65581840e-03, 5.11330208e-03,
       5.54276476e-03, 5.99042664e-03, 6.56326823e-03, 7.03837336e-03,
       7.66253862e-03, 8.32560589e-03, 9.01399797e-03, 9.75275082e-03,
       1.03149040e-02, 1.08194745e-02, 1.14083969e-02, 1.19518694e-02,
       1.24366037e-02, 1.30020308e-02, 1.35057347e-02, 1.39080430e-02,
       1.42946557e-02, 1.46770316e-02, 1.48536312e-02, 1.52059639e-02,
       1.53149666e-02, 1.53910373e-02, 1.55010992e-02, 1.56929130e-02,
       1.58575724e-02, 1.58557429e-02, 1.59231474e-02, 1.58556466e-02,
       1.57285411e-02, 1.56107758e-02, 1.54777965e-02, 1.53277734e-02,
       1.51077460e-02, 1.47111190e-02, 1.43717857e-02, 1.40032758e-02,
       1.36681794e-02, 1.32544123e-02, 1.28129132e-02, 1.25495543e-02,
       1.23292380e-02, 1.21864369e-02, 1.19155672e-02, 1.15376208e-02,
       1.11644890e-02, 1.07022870e-02, 1.00539524e-02, 9.40205506e-03,
       8.71626287e-03, 8.09209760e-03, 7.46735457e-03, 6.78955463e-03,
       5.87449098e-03, 5.16944036e-03, 4.48932939e-03, 3.83425437e-03,
       3.29280400e-03, 2.78399664e-03, 2.31572825e-03, 1.93518195e-03,
       1.59247843e-03, 1.35126677e-03, 1.19305888e-03, 1.05305020e-03,
       9.73320353e-04, 8.78954115e-04, 7.54641038e-04, 6.32446387e-04,
       4.84926919e-04, 3.87671918e-04, 2.86083772e-04, 2.00191236e-04,
       1.40008685e-04, 8.31000657e-05, 4.55461543e-05, 2.96579609e-05,
       1.75251587e-05, 1.17476339e-05, 1.01106685e-05, 9.91808433e-06,
       8.76257936e-06, 8.85887144e-06, 7.51078231e-06, 7.31819815e-06,
       6.64415358e-06, 5.97010902e-06, 6.74044566e-06, 5.97010901e-06,
       7.70336647e-06, 5.97010901e-06, 5.39235653e-06, 5.19977236e-06,
       5.77752485e-06, 5.48864861e-06, 4.52572780e-06, 5.39235652e-06,
       4.81460404e-06, 3.85168324e-06, 5.19977236e-06, 4.62201988e-06,
       5.97010901e-06, 5.19977237e-06, 4.33314364e-06, 5.10348029e-06,
       3.46651491e-06, 3.75539115e-06, 3.75539115e-06, 6.74044565e-06,
       6.83673773e-06, 6.35527733e-06, 6.35527733e-06, 5.10348028e-06,
       5.00718820e-06, 4.33314363e-06, 1.73325745e-06, 6.74044566e-07,
       2.88876243e-07, 1.92584162e-07, 0.00000000e+00, 9.62920808e-08,
       0.00000000e+00, 9.62920808e-08, 0.00000000e+00, 9.62920808e-08,
       0.00000000e+00, 0.00000000e+00, 0.00000000e+00, 0.00000000e+00,
       0.00000000e+00, 0.00000000e+00, 0.00000000e+00, 0.00000000e+00,
       0.00000000e+00, 0.00000000e+00, 0.00000000e+00, 0.00000000e+00,
       0.00000000e+00, 0.00000000e+00, 0.00000000e+00, 0.00000000e+00]), array([0.00011748, 0.00276166, 0.00061659, 0.00268655, 0.00154324,
       0.00043235, 0.00133782, 0.00072797, 0.00029947, 0.00041983,
       0.00037554, 0.00023527, 0.00030364, 0.0003412 , 0.00028502,
       0.00026384, 0.00033542, 0.0003107 , 0.00025453, 0.00025871,
       0.00029273, 0.00025421, 0.0002786 , 0.00030589, 0.00028567,
       0.00023816, 0.00026513, 0.0003046 , 0.00026384, 0.00025389,
       0.00028599, 0.00027732, 0.00025646, 0.00026544, 0.00029112,
       0.00024972, 0.00027154, 0.0002847 , 0.00026609, 0.00025293,
       0.00029818, 0.00028342, 0.00026866, 0.00032482, 0.00033831,
       0.00028663, 0.00031744, 0.00035853, 0.00032964, 0.00034922,
       0.00038613, 0.00037714, 0.00032675, 0.00035082, 0.00036623,
       0.00031263, 0.00034537, 0.00037233, 0.00034248, 0.00034216,
       0.00035243, 0.00034826, 0.00032483, 0.0003351 , 0.00034151,
       0.00029208, 0.00029786, 0.00030781, 0.0002847 , 0.00026063,
       0.000303  , 0.000277  , 0.00025196, 0.00027122, 0.00028567,
       0.00026545, 0.00023399, 0.0002449 , 0.000251  , 0.00023046,
       0.00025549, 0.00024169, 0.00022564, 0.00024266, 0.00025838,
       0.00025293, 0.00024554, 0.00029818, 0.00026865, 0.00025967,
       0.0003046 , 0.00031648, 0.00031006, 0.00034055, 0.0003643 ,
       0.00036719, 0.00041117, 0.00043653, 0.00046284, 0.00043813,
       0.0005142 , 0.00055111, 0.0005601 , 0.00062782, 0.00067212,
       0.00072508, 0.00072508, 0.0007912 , 0.00085347, 0.00083357,
       0.00087048, 0.00094848, 0.0009305 , 0.00096774, 0.00098507,
       0.0010499 , 0.00107975, 0.00115871, 0.00121296, 0.00118567,
       0.00127651, 0.00136382, 0.00134809, 0.00139271, 0.0014906 ,
       0.00153426, 0.0015365 , 0.00162188, 0.00170726, 0.00164338,
       0.00170373, 0.00180836, 0.0018257 , 0.00179842, 0.0019329 ,
       0.00188059, 0.00192456, 0.00201443, 0.00207156, 0.00204813,
       0.00211522, 0.0023139 , 0.00228308, 0.00235659, 0.00257999,
       0.00256265, 0.00273983, 0.00298152, 0.00310157, 0.00307396,
       0.00313912, 0.00339398, 0.00331822, 0.00332176, 0.00352237,
       0.00354869, 0.00355863, 0.00362315, 0.00373774, 0.0037127 ,
       0.00388667, 0.00402308, 0.00389084, 0.00409434, 0.00429559,
       0.00420219, 0.00434117, 0.0047809 , 0.0049921 , 0.00482488,
       0.0050425 , 0.00538626, 0.00533137, 0.00526878, 0.00570755,
       0.00590174, 0.00569889, 0.0062163 , 0.00644194, 0.00622464,
       0.00648334, 0.00686851, 0.00678378, 0.00683866, 0.00740775,
       0.00739972, 0.00740293, 0.00812513, 0.00829652, 0.00810523,
       0.00821436, 0.00838704, 0.00807345, 0.00801471, 0.00838126,
       0.00825769, 0.00793383, 0.00827245, 0.00839827, 0.00818515,
       0.00819606, 0.00850901, 0.00831803, 0.00817006, 0.00867945,
       0.00843454, 0.00835173, 0.00868651, 0.00877478, 0.00836553,
       0.00859439, 0.00894329, 0.00848815, 0.0084201 , 0.00868105,
       0.00879179, 0.00865345, 0.00904279, 0.00883737, 0.00854303,
       0.00858733, 0.00847402, 0.00812128, 0.00819542, 0.00819157,
       0.00774092, 0.00759745, 0.00727037, 0.00701648, 0.00660307,
       0.00636202, 0.00584621, 0.00535095, 0.00521903, 0.0049202 ,
       0.00456874, 0.00441435, 0.00422883, 0.00409017, 0.00386067,
       0.00377305, 0.00358463, 0.00348995, 0.00340874, 0.00323509,
       0.00331598, 0.00309964, 0.00298409, 0.00262492, 0.0023858 ,
       0.00224521, 0.00233059, 0.0025527 , 0.0028878 , 0.00355029,
       0.00704216]), array([1.52743313e-04, 6.22769033e-04, 8.12223702e-04, 5.99297839e-04,
       9.23561421e-04, 5.03126122e-04, 5.38272732e-04, 2.10398196e-04,
       1.94510003e-04, 1.91741606e-04, 1.94750733e-04, 1.97880226e-04,
       1.79705096e-04, 1.78260715e-04, 1.75371952e-04, 1.79344000e-04,
       1.68390777e-04, 1.70196252e-04, 1.59844854e-04, 1.70316618e-04,
       1.62252156e-04, 1.56594997e-04, 1.52141488e-04, 1.44317756e-04,
       1.53706234e-04, 1.71520269e-04, 1.86084446e-04, 1.92704527e-04,
       1.97759861e-04, 1.98482052e-04, 2.00407893e-04, 2.01130084e-04,
       2.11481482e-04, 2.22073611e-04, 2.38683995e-04, 2.44581885e-04,
       2.76839732e-04, 2.79126669e-04, 3.14754739e-04, 3.44364555e-04,
       3.58086176e-04, 3.89862562e-04, 4.12250471e-04, 4.67618418e-04,
       5.17449569e-04, 5.88705709e-04, 6.32518607e-04, 6.99682333e-04,
       7.51078230e-04, 8.27389704e-04, 8.86609333e-04, 9.66170666e-04,
       1.00408567e-03, 1.06162019e-03, 1.11253463e-03, 1.17319864e-03,
       1.24601953e-03, 1.33665445e-03, 1.40117014e-03, 1.51058202e-03,
       1.59230992e-03, 1.67211198e-03, 1.79331964e-03, 1.87805667e-03,
       1.97952445e-03, 2.07015937e-03, 2.16356269e-03, 2.25431798e-03,
       2.39237675e-03, 2.52646347e-03, 2.61252452e-03, 2.76189761e-03,
       2.87612409e-03, 2.99035057e-03, 3.14778812e-03, 3.30342020e-03,
       3.29090223e-03, 3.37527816e-03, 3.47024623e-03, 3.54980756e-03,
       3.58555600e-03, 3.64670147e-03, 3.74877107e-03, 3.71952235e-03,
       3.77573285e-03, 3.79800040e-03, 3.83711906e-03, 3.86215500e-03,
       3.93305004e-03, 4.01068553e-03, 4.10950528e-03, 4.17847448e-03,
       4.32519954e-03, 4.39790006e-03, 4.50767304e-03, 4.56665193e-03,
       4.63947282e-03, 4.73889439e-03, 4.88923040e-03, 4.92221045e-03,
       4.95952363e-03, 5.01152134e-03, 5.01886362e-03, 5.04426066e-03,
       5.05003818e-03, 5.06544491e-03, 5.03583510e-03, 5.00899368e-03,
       5.00791039e-03, 4.96349567e-03, 4.91017393e-03, 4.80533593e-03,
       4.72589496e-03, 4.68352645e-03, 4.76272668e-03, 4.79618818e-03,
       4.83350136e-03, 4.89103588e-03, 4.87286075e-03, 4.85613000e-03,
       4.83037187e-03, 4.80605812e-03, 4.87249966e-03, 4.84926919e-03,
       4.82964968e-03, 4.82880712e-03, 4.78619788e-03, 4.82639982e-03,
       4.83831597e-03, 4.87996229e-03, 4.91871985e-03, 4.91559036e-03,
       4.90716481e-03, 4.88598055e-03, 4.79654928e-03, 4.76537472e-03,
       4.65945343e-03, 4.59433591e-03, 4.57977173e-03, 4.58639181e-03,
       4.54907863e-03, 4.49467360e-03, 4.39236327e-03, 4.35986469e-03,
       4.28933074e-03, 4.19725144e-03, 4.16102154e-03, 4.17582645e-03,
       4.25598961e-03, 4.22433359e-03, 4.22505578e-03, 4.27115561e-03,
       4.27308145e-03, 4.28427541e-03, 4.26694283e-03, 4.28415504e-03,
       4.35131877e-03, 4.39007634e-03, 4.40620526e-03, 4.43437069e-03,
       4.46133247e-03, 4.43015790e-03, 4.53102386e-03, 4.52295940e-03,
       4.59228970e-03, 4.71590466e-03, 4.85588927e-03, 4.92148825e-03,
       5.13056243e-03, 5.27608384e-03, 5.51308272e-03, 5.97359960e-03,
       6.28028988e-03, 6.53161221e-03, 6.74790830e-03, 7.03883074e-03,
       7.09636527e-03, 7.31242061e-03, 7.49561630e-03, 7.46143261e-03,
       7.45806239e-03, 7.48201505e-03, 7.35515024e-03, 7.31555012e-03,
       7.23887754e-03, 7.40666649e-03, 7.47575606e-03, 7.25416391e-03,
       6.97010227e-03, 6.62248786e-03, 6.23130128e-03, 5.85082720e-03,
       5.59264406e-03, 5.30220307e-03, 5.03812204e-03, 4.81291893e-03,
       4.57868845e-03, 4.48311855e-03, 4.34903183e-03, 4.43328741e-03,
       4.38574319e-03, 4.39200218e-03, 4.28006263e-03, 3.95928963e-03,
       3.83049898e-03, 3.90368096e-03, 3.71242081e-03, 3.47060732e-03,
       3.05017203e-03, 2.60421933e-03, 2.18005271e-03, 2.08472355e-03,
       2.23144861e-03, 2.38190498e-03, 2.41945890e-03, 2.52273215e-03,
       2.53922217e-03, 2.30499168e-03, 1.76058033e-03, 1.56944055e-03,
       1.17741142e-03, 1.01323342e-03, 1.01672401e-03, 8.81794731e-04,
       8.77220856e-04, 8.93951605e-04, 8.77461586e-04, 9.38245963e-04,
       9.85549448e-04, 1.01130758e-03, 8.51342360e-04, 7.58179772e-04,
       7.69975552e-04, 8.81554000e-04, 1.00938174e-03, 7.68651536e-04,
       1.14322773e-03, 9.07552862e-05, 1.96195114e-05, 1.07124940e-05,
       6.49971545e-06, 5.29606445e-06, 2.28693692e-06, 1.20365101e-06,
       7.22190606e-07, 7.22190606e-07, 3.61095303e-07, 2.40730202e-07,
       2.40730203e-07, 0.00000000e+00, 0.00000000e+00, 0.00000000e+00,
       1.20365101e-07, 0.00000000e+00, 1.20365101e-07, 0.00000000e+00]), array([0.00000000e+00, 0.00000000e+00, 0.00000000e+00, 0.00000000e+00,
       0.00000000e+00, 0.00000000e+00, 0.00000000e+00, 0.00000000e+00,
       0.00000000e+00, 0.00000000e+00, 0.00000000e+00, 0.00000000e+00,
       0.00000000e+00, 0.00000000e+00, 0.00000000e+00, 0.00000000e+00,
       0.00000000e+00, 0.00000000e+00, 0.00000000e+00, 0.00000000e+00,
       0.00000000e+00, 0.00000000e+00, 0.00000000e+00, 0.00000000e+00,
       0.00000000e+00, 0.00000000e+00, 0.00000000e+00, 0.00000000e+00,
       0.00000000e+00, 0.00000000e+00, 0.00000000e+00, 0.00000000e+00,
       0.00000000e+00, 0.00000000e+00, 0.00000000e+00, 0.00000000e+00,
       0.00000000e+00, 0.00000000e+00, 0.00000000e+00, 0.00000000e+00,
       0.00000000e+00, 0.00000000e+00, 0.00000000e+00, 0.00000000e+00,
       0.00000000e+00, 0.00000000e+00, 0.00000000e+00, 0.00000000e+00,
       0.00000000e+00, 0.00000000e+00, 0.00000000e+00, 0.00000000e+00,
       0.00000000e+00, 0.00000000e+00, 0.00000000e+00, 0.00000000e+00,
       0.00000000e+00, 0.00000000e+00, 0.00000000e+00, 0.00000000e+00,
       0.00000000e+00, 0.00000000e+00, 0.00000000e+00, 0.00000000e+00,
       0.00000000e+00, 0.00000000e+00, 0.00000000e+00, 0.00000000e+00,
       0.00000000e+00, 0.00000000e+00, 0.00000000e+00, 0.00000000e+00,
       0.00000000e+00, 0.00000000e+00, 0.00000000e+00, 4.81460404e-07,
       0.00000000e+00, 4.81460404e-07, 0.00000000e+00, 0.00000000e+00,
       1.44438122e-06, 2.40730202e-06, 2.40730202e-06, 3.85168324e-06,
       6.25898525e-06, 5.77752485e-06, 5.77752485e-06, 1.10735893e-05,
       7.22190605e-06, 8.66628730e-06, 1.05921289e-05, 1.05921289e-05,
       1.34808913e-05, 1.29994309e-05, 1.20365101e-05, 1.58881933e-05,
       1.39623517e-05, 1.97398765e-05, 1.49252726e-05, 1.78140349e-05,
       1.54067330e-05, 1.44438121e-05, 2.31100994e-05, 2.07027974e-05,
       2.21471786e-05, 2.16657182e-05, 2.21471786e-05, 3.27393075e-05,
       2.11842578e-05, 3.32207679e-05, 3.46651491e-05, 4.28499760e-05,
       3.56280699e-05, 3.32207679e-05, 3.65909907e-05, 4.38128968e-05,
       4.33314364e-05, 5.48864861e-05, 5.00718820e-05, 5.44050257e-05,
       6.45156943e-05, 6.25898525e-05, 8.23297289e-05, 7.07746794e-05,
       7.99224269e-05, 8.47370314e-05, 9.62920808e-05, 9.96623038e-05,
       1.05439829e-04, 1.07847130e-04, 1.18439260e-04, 1.55030250e-04,
       1.81029111e-04, 1.52622948e-04, 1.96435844e-04, 2.20508866e-04,
       2.16657182e-04, 2.69136366e-04, 3.02838594e-04, 3.53873397e-04,
       3.77946417e-04, 3.75539116e-04, 4.53054240e-04, 5.04089043e-04,
       5.60419910e-04, 6.23491224e-04, 6.71637264e-04, 7.65522043e-04,
       8.93109049e-04, 9.21996677e-04, 1.02069606e-03, 1.09050782e-03,
       1.15983811e-03, 1.17043024e-03, 1.29753579e-03, 1.39527225e-03,
       1.38660597e-03, 1.42753010e-03, 1.55656148e-03, 1.53730307e-03,
       1.57678282e-03, 1.69377770e-03, 1.75059003e-03, 1.79921753e-03,
       1.93643375e-03, 1.95569216e-03, 1.98554271e-03, 2.23205043e-03,
       2.35867452e-03, 2.27490041e-03, 2.42800481e-03, 2.56425811e-03,
       2.39237674e-03, 2.36252620e-03, 2.54596262e-03, 2.55944350e-03,
       2.56618395e-03, 2.72506589e-03, 2.81221022e-03, 2.76310126e-03,
       2.96531463e-03, 3.31389196e-03, 3.25370941e-03, 3.41018404e-03,
       3.82375853e-03, 3.93160566e-03, 3.92823544e-03, 4.43617616e-03,
       4.57050362e-03, 4.43954639e-03, 4.54594913e-03, 4.86900906e-03,
       4.71879342e-03, 4.72697825e-03, 5.30184197e-03, 5.23925212e-03,
       5.16799598e-03, 5.59697720e-03, 5.83289279e-03, 5.75874789e-03,
       5.93496240e-03, 6.22913471e-03, 6.17521114e-03, 6.25705942e-03,
       6.81314618e-03, 6.58974856e-03, 6.57578620e-03, 7.03028482e-03,
       7.05724660e-03, 6.64319066e-03, 7.09480052e-03, 7.37164025e-03,
       7.18964821e-03, 7.32782735e-03, 8.24356505e-03, 8.28448919e-03,
       8.57336541e-03, 9.21515214e-03, 9.29507458e-03, 9.29411162e-03,
       1.04120627e-02, 1.04188032e-02, 1.03152891e-02, 1.11246241e-02,
       1.28203277e-02, 1.32175325e-02, 1.32079033e-02, 1.47476136e-02,
       1.53571425e-02, 1.50037506e-02, 1.64250216e-02, 1.73937200e-02,
       1.63022493e-02, 1.70350320e-02, 1.86050744e-02, 1.70518831e-02,
       1.75087891e-02, 1.91857157e-02, 1.81231326e-02, 1.71207320e-02,
       1.88072877e-02, 1.95318857e-02, 1.72709477e-02, 1.68169304e-02,
       1.64722048e-02, 1.30909084e-02, 1.10625157e-02, 9.82756978e-03,
       7.38800991e-03, 4.93882082e-03, 4.40054809e-03, 3.40392506e-03,
       2.63214403e-03, 2.08376063e-03, 1.54452498e-03, 1.24987121e-03]), array([3.53070963e-06, 4.17265683e-06, 8.34531367e-06, 6.74044567e-06,
       7.70336647e-06, 5.13557763e-06, 5.13557763e-06, 4.49363043e-06,
       5.77752487e-06, 3.20973603e-06, 3.20973603e-06, 3.53070963e-06,
       3.20973603e-06, 4.81460403e-06, 6.09849847e-06, 8.34531367e-06,
       1.12340761e-05, 1.21969969e-05, 1.54067329e-05, 1.54067329e-05,
       2.24681522e-05, 2.21471786e-05, 3.20973603e-05, 3.30602811e-05,
       4.36524100e-05, 4.55782516e-05, 4.75040933e-05, 5.13557763e-05,
       5.52074595e-05, 5.68123276e-05, 5.87381693e-05, 7.15771134e-05,
       5.97010901e-05, 6.54786149e-05, 7.35029551e-05, 8.85887145e-05,
       9.01935823e-05, 1.01748632e-04, 9.95018167e-05, 1.11377840e-04,
       1.11698814e-04, 9.50081863e-05, 9.30823450e-05, 1.04637395e-04,
       1.12982708e-04, 1.15871471e-04, 1.13624656e-04, 1.41870333e-04,
       1.58881933e-04, 1.47647857e-04, 1.87769558e-04, 1.97719739e-04,
       1.84559822e-04, 1.96114871e-04, 2.03176291e-04, 2.07348947e-04,
       1.99966555e-04, 2.17299129e-04, 1.95793898e-04, 1.86485663e-04,
       1.81350086e-04, 1.92584162e-04, 1.83275927e-04, 1.75251587e-04,
       1.78461323e-04, 1.66906273e-04, 1.57598039e-04, 1.87448584e-04,
       1.63054590e-04, 1.87127611e-04, 1.97719739e-04, 2.21150812e-04,
       2.30459047e-04, 2.35594624e-04, 2.37520466e-04, 2.51001358e-04,
       2.62235434e-04, 2.87271375e-04, 3.09097580e-04, 3.54354858e-04,
       3.61416277e-04, 3.97686294e-04, 4.33314364e-04, 4.93657401e-04,
       5.14841660e-04, 5.68444252e-04, 6.06319134e-04, 6.49971544e-04,
       6.84315722e-04, 7.80928776e-04, 8.39024997e-04, 9.13490872e-04,
       1.01588145e-03, 1.09869264e-03, 1.19337985e-03, 1.26431502e-03,
       1.34487940e-03, 1.47134300e-03, 1.52655045e-03, 1.66585300e-03,
       1.78557615e-03, 1.89117647e-03, 2.00704794e-03, 2.13254862e-03,
       2.17299129e-03, 2.20765644e-03, 2.28276426e-03, 2.24617327e-03,
       2.17876881e-03, 2.16336209e-03, 2.07284753e-03, 2.05230521e-03,
       2.02855317e-03, 2.05070035e-03, 1.95055659e-03, 1.84977087e-03,
       1.79777315e-03, 1.74192374e-03, 1.70148107e-03, 1.71464099e-03,
       1.72266533e-03, 1.77305818e-03, 1.73036869e-03, 1.76760163e-03,
       1.77498402e-03, 1.76792261e-03, 1.75412074e-03, 1.83115441e-03,
       1.78557615e-03, 1.76471287e-03, 1.78429226e-03, 1.80226678e-03,
       1.81189599e-03, 1.80964918e-03, 1.87962142e-03, 1.82890759e-03,
       1.81767352e-03, 1.84206751e-03, 1.86517760e-03, 1.86517760e-03,
       1.94413711e-03, 2.05326814e-03, 2.07990895e-03, 2.17491713e-03,
       2.33283614e-03, 2.36397059e-03, 2.47534843e-03, 2.59314574e-03,
       2.71351084e-03, 2.87688640e-03, 3.09675332e-03, 3.41548011e-03,
       3.76020576e-03, 4.11038796e-03, 4.78475350e-03, 5.52267181e-03,
       6.34404326e-03, 7.06045634e-03, 7.95854048e-03, 8.90444967e-03,
       9.11500838e-03, 9.37595990e-03, 9.73705522e-03, 1.02069606e-02,
       1.08912763e-02, 1.18554810e-02, 1.27355906e-02, 1.34747928e-02,
       1.44328990e-02, 1.53518464e-02, 1.62707939e-02, 1.74349651e-02,
       1.93739667e-02, 2.15742407e-02, 2.40906738e-02, 2.73106809e-02,
       2.92432630e-02, 3.00960899e-02, 3.02308988e-02, 3.03044017e-02,
       2.98897038e-02, 2.98409159e-02, 2.75924958e-02, 2.56624815e-02,
       2.32709072e-02, 2.11624316e-02, 1.84505256e-02, 1.38464802e-02,
       9.93349105e-03, 6.53502257e-03, 3.57789275e-03, 1.91364462e-03,
       7.92483825e-04, 2.93369873e-04, 7.18980872e-05, 1.95793898e-05,
       5.13557764e-06, 2.88876243e-06, 9.62920809e-07, 9.62920809e-07,
       9.62920809e-07, 3.20973603e-07, 3.20973603e-07, 0.00000000e+00,
       3.20973603e-07, 0.00000000e+00, 6.41947207e-07, 3.20973603e-07,
       0.00000000e+00, 0.00000000e+00, 0.00000000e+00, 0.00000000e+00,
       0.00000000e+00, 0.00000000e+00, 0.00000000e+00, 6.41947207e-07,
       0.00000000e+00, 0.00000000e+00, 3.20973603e-07, 0.00000000e+00,
       0.00000000e+00, 0.00000000e+00, 0.00000000e+00, 0.00000000e+00,
       0.00000000e+00, 0.00000000e+00, 0.00000000e+00, 0.00000000e+00,
       6.41947205e-07, 0.00000000e+00, 3.20973603e-07, 0.00000000e+00,
       3.20973603e-07, 0.00000000e+00, 0.00000000e+00, 0.00000000e+00,
       0.00000000e+00, 0.00000000e+00, 0.00000000e+00, 0.00000000e+00,
       0.00000000e+00, 0.00000000e+00, 0.00000000e+00, 0.00000000e+00,
       0.00000000e+00, 0.00000000e+00, 0.00000000e+00, 0.00000000e+00,
       0.00000000e+00, 0.00000000e+00, 0.00000000e+00, 0.00000000e+00,
       0.00000000e+00, 0.00000000e+00, 0.00000000e+00, 0.00000000e+00]), array([0.00000000e+00, 0.00000000e+00, 0.00000000e+00, 0.00000000e+00,
       0.00000000e+00, 0.00000000e+00, 0.00000000e+00, 0.00000000e+00,
       0.00000000e+00, 0.00000000e+00, 0.00000000e+00, 0.00000000e+00,
       0.00000000e+00, 0.00000000e+00, 0.00000000e+00, 0.00000000e+00,
       0.00000000e+00, 0.00000000e+00, 0.00000000e+00, 0.00000000e+00,
       0.00000000e+00, 0.00000000e+00, 0.00000000e+00, 0.00000000e+00,
       0.00000000e+00, 0.00000000e+00, 9.62920808e-07, 0.00000000e+00,
       0.00000000e+00, 0.00000000e+00, 0.00000000e+00, 0.00000000e+00,
       0.00000000e+00, 0.00000000e+00, 0.00000000e+00, 0.00000000e+00,
       0.00000000e+00, 0.00000000e+00, 0.00000000e+00, 0.00000000e+00,
       0.00000000e+00, 0.00000000e+00, 0.00000000e+00, 0.00000000e+00,
       0.00000000e+00, 0.00000000e+00, 0.00000000e+00, 0.00000000e+00,
       0.00000000e+00, 0.00000000e+00, 0.00000000e+00, 0.00000000e+00,
       0.00000000e+00, 0.00000000e+00, 0.00000000e+00, 0.00000000e+00,
       0.00000000e+00, 0.00000000e+00, 0.00000000e+00, 0.00000000e+00,
       0.00000000e+00, 0.00000000e+00, 0.00000000e+00, 0.00000000e+00,
       0.00000000e+00, 0.00000000e+00, 0.00000000e+00, 0.00000000e+00,
       0.00000000e+00, 0.00000000e+00, 0.00000000e+00, 0.00000000e+00,
       0.00000000e+00, 0.00000000e+00, 0.00000000e+00, 0.00000000e+00,
       0.00000000e+00, 0.00000000e+00, 0.00000000e+00, 0.00000000e+00,
       9.62920808e-07, 0.00000000e+00, 0.00000000e+00, 0.00000000e+00,
       0.00000000e+00, 0.00000000e+00, 0.00000000e+00, 0.00000000e+00,
       0.00000000e+00, 0.00000000e+00, 0.00000000e+00, 0.00000000e+00,
       0.00000000e+00, 0.00000000e+00, 0.00000000e+00, 0.00000000e+00,
       0.00000000e+00, 0.00000000e+00, 0.00000000e+00, 0.00000000e+00,
       0.00000000e+00, 0.00000000e+00, 0.00000000e+00, 9.62920808e-07,
       9.62920808e-07, 0.00000000e+00, 2.88876243e-06, 4.81460404e-06,
       1.44438121e-05, 2.50359410e-05, 8.18482687e-05, 1.73325746e-04,
       3.40873966e-04, 5.22865999e-04, 8.25223133e-04, 1.19979933e-03,
       1.66392716e-03, 2.15983137e-03, 2.64321762e-03, 3.12082634e-03,
       3.71976308e-03, 4.36203126e-03, 5.42028123e-03, 6.89932759e-03,
       9.23729932e-03, 1.24573065e-02, 1.59883371e-02, 1.99998652e-02,
       2.40922786e-02, 2.85900817e-02, 3.07431727e-02, 3.19208248e-02,
       3.39237001e-02, 3.51225365e-02, 3.71234859e-02, 4.16386216e-02,
       4.26275413e-02, 4.50271399e-02, 4.31272972e-02, 4.14354453e-02,
       3.83242482e-02, 3.47672187e-02, 3.04003728e-02, 2.61962606e-02,
       2.22733212e-02, 1.74789385e-02, 1.28665478e-02, 9.30374085e-03,
       6.39186833e-03, 4.92533994e-03, 3.84590571e-03, 3.55221486e-03,
       3.00431292e-03, 2.80691416e-03, 2.52670420e-03, 2.38708068e-03,
       2.35530430e-03, 2.15309093e-03, 1.68992602e-03, 1.05343536e-03,
       6.46119862e-04, 4.35240205e-04, 3.08134659e-04, 2.32063915e-04,
       2.19545944e-04, 1.51178567e-04, 1.19402180e-04, 8.66628728e-05,
       6.83673774e-05, 7.02932190e-05, 5.29606445e-05, 5.29606445e-05,
       5.29606445e-05, 4.33314364e-05, 5.29606445e-05, 3.65909907e-05,
       2.31100994e-05, 1.92584162e-05, 1.34808913e-05, 7.70336647e-06,
       9.62920808e-06, 5.77752485e-06, 1.92584162e-06, 2.88876243e-06,
       0.00000000e+00, 0.00000000e+00, 0.00000000e+00, 9.62920808e-07,
       0.00000000e+00, 0.00000000e+00, 0.00000000e+00, 0.00000000e+00,
       9.62920808e-07, 0.00000000e+00, 1.92584162e-06, 9.62920808e-07,
       0.00000000e+00, 0.00000000e+00, 9.62920808e-07, 0.00000000e+00,
       1.92584162e-06, 0.00000000e+00, 0.00000000e+00, 0.00000000e+00,
       0.00000000e+00, 0.00000000e+00, 9.62920808e-07, 0.00000000e+00,
       0.00000000e+00, 9.62920808e-07, 0.00000000e+00, 0.00000000e+00,
       0.00000000e+00, 9.62920808e-07, 9.62920808e-07, 0.00000000e+00,
       0.00000000e+00, 0.00000000e+00, 0.00000000e+00, 0.00000000e+00,
       0.00000000e+00, 0.00000000e+00, 9.62920808e-07, 0.00000000e+00,
       0.00000000e+00, 0.00000000e+00, 0.00000000e+00, 9.62920808e-07,
       9.62920808e-07, 0.00000000e+00, 0.00000000e+00, 0.00000000e+00,
       1.92584162e-06, 0.00000000e+00, 0.00000000e+00, 9.62920808e-07,
       0.00000000e+00, 0.00000000e+00, 0.00000000e+00, 0.00000000e+00,
       0.00000000e+00, 0.00000000e+00, 0.00000000e+00, 0.00000000e+00,
       0.00000000e+00, 0.00000000e+00, 0.00000000e+00, 0.00000000e+00,
       0.00000000e+00, 0.00000000e+00, 0.00000000e+00, 0.00000000e+00,
       0.00000000e+00, 0.00000000e+00, 0.00000000e+00, 0.00000000e+00]), array([0.00000000e+00, 0.00000000e+00, 0.00000000e+00, 0.00000000e+00,
       1.92584162e-06, 9.62920808e-07, 2.88876243e-06, 1.92584162e-06,
       0.00000000e+00, 2.88876243e-06, 1.92584162e-06, 9.62920808e-07,
       1.92584162e-06, 1.92584162e-06, 3.85168323e-06, 3.85168323e-06,
       3.85168323e-06, 6.74044566e-06, 3.85168323e-06, 1.92584162e-06,
       9.62920808e-07, 9.62920808e-07, 0.00000000e+00, 0.00000000e+00,
       9.62920808e-07, 0.00000000e+00, 0.00000000e+00, 1.92584162e-06,
       0.00000000e+00, 0.00000000e+00, 0.00000000e+00, 0.00000000e+00,
       9.62920808e-07, 0.00000000e+00, 0.00000000e+00, 0.00000000e+00,
       0.00000000e+00, 0.00000000e+00, 9.62920808e-07, 1.92584162e-06,
       0.00000000e+00, 9.62920808e-07, 0.00000000e+00, 0.00000000e+00,
       0.00000000e+00, 0.00000000e+00, 0.00000000e+00, 0.00000000e+00,
       0.00000000e+00, 0.00000000e+00, 9.62920808e-07, 0.00000000e+00,
       0.00000000e+00, 0.00000000e+00, 0.00000000e+00, 9.62920808e-07,
       0.00000000e+00, 9.62920808e-07, 0.00000000e+00, 0.00000000e+00,
       0.00000000e+00, 9.62920808e-07, 0.00000000e+00, 1.92584162e-06,
       0.00000000e+00, 9.62920808e-07, 0.00000000e+00, 0.00000000e+00,
       0.00000000e+00, 2.88876243e-06, 9.62920808e-07, 9.62920808e-06,
       1.15550497e-05, 1.54067329e-05, 1.25179705e-05, 1.34808913e-05,
       2.59988618e-05, 1.34808913e-05, 2.40730202e-05, 2.79247034e-05,
       3.75539115e-05, 2.69617826e-05, 7.12561398e-05, 5.58494069e-05,
       9.91808433e-05, 9.14774768e-05, 1.57919013e-04, 1.94510003e-04,
       1.89695399e-04, 2.03176291e-04, 2.36878519e-04, 2.76358272e-04,
       3.00431292e-04, 3.52429016e-04, 4.60276146e-04, 5.24791841e-04,
       7.10635557e-04, 8.32926499e-04, 9.90845512e-04, 1.04091739e-03,
       1.24987121e-03, 1.53200701e-03, 1.74384958e-03, 2.19738528e-03,
       2.54788846e-03, 2.92439050e-03, 3.35385318e-03, 3.89982927e-03,
       4.49491433e-03, 4.86467592e-03, 5.22095662e-03, 5.82567089e-03,
       6.49297501e-03, 6.90799388e-03, 7.45204414e-03, 7.80928776e-03,
       8.31289534e-03, 8.83865010e-03, 9.70239007e-03, 1.09301141e-02,
       1.22550931e-02, 1.41000494e-02, 1.69368141e-02, 1.86209626e-02,
       2.03291841e-02, 2.17100125e-02, 2.24514616e-02, 2.33970498e-02,
       2.39151012e-02, 2.46825491e-02, 2.57369474e-02, 2.70185950e-02,
       2.84360144e-02, 2.98014361e-02, 3.09068692e-02, 3.12843341e-02,
       2.95905564e-02, 2.78332260e-02, 2.69848927e-02, 2.54923655e-02,
       2.50022388e-02, 2.36666676e-02, 2.25804930e-02, 1.99700146e-02,
       1.73710914e-02, 1.49127546e-02, 1.16994878e-02, 8.23489875e-03,
       5.49057445e-03, 3.99515843e-03, 2.57773900e-03, 1.76984845e-03,
       1.07654546e-03, 7.23153527e-04, 5.39235653e-04, 4.17907631e-04,
       3.50503174e-04, 2.90802084e-04, 1.62733617e-04, 1.20365101e-04,
       7.79965855e-05, 9.43662392e-05, 8.76257936e-05, 6.16269317e-05,
       6.74044566e-05, 5.00718820e-05, 4.71831196e-05, 5.58494069e-05,
       5.10348028e-05, 4.42943572e-05, 4.23685156e-05, 4.04426740e-05,
       5.19977237e-05, 3.65909907e-05, 3.65909907e-05, 3.85168323e-05,
       3.85168323e-05, 3.08134659e-05, 2.31100994e-05, 2.88876243e-05,
       2.40730202e-05, 2.31100994e-05, 2.02213370e-05, 2.31100994e-05,
       1.82954954e-05, 2.79247034e-05, 2.21471786e-05, 1.05921289e-05,
       1.54067329e-05, 1.25179705e-05, 1.44438121e-05, 2.11842578e-05,
       1.05921289e-05, 1.05921289e-05, 1.15550497e-05, 1.25179705e-05,
       3.85168323e-06, 1.54067329e-05, 9.62920808e-06, 8.66628728e-06,
       5.77752485e-06, 1.05921289e-05, 7.70336647e-06, 7.70336647e-06,
       3.85168323e-06, 6.74044566e-06, 2.88876243e-06, 6.74044566e-06,
       3.85168323e-06, 4.81460404e-06, 3.85168323e-06, 2.88876243e-06,
       5.77752485e-06, 4.81460404e-06, 4.81460404e-06, 4.81460404e-06,
       2.88876243e-06, 4.81460404e-06, 8.66628728e-06, 5.77752485e-06,
       2.88876243e-06, 1.92584162e-06, 7.70336647e-06, 3.85168323e-06,
       3.85168323e-06, 4.81460404e-06, 4.81460404e-06, 0.00000000e+00,
       1.92584162e-06, 9.62920808e-07, 9.62920808e-07, 0.00000000e+00,
       0.00000000e+00, 0.00000000e+00, 0.00000000e+00, 0.00000000e+00,
       0.00000000e+00, 0.00000000e+00, 0.00000000e+00, 0.00000000e+00,
       0.00000000e+00, 0.00000000e+00, 0.00000000e+00, 0.00000000e+00,
       0.00000000e+00, 0.00000000e+00, 0.00000000e+00, 0.00000000e+00,
       0.00000000e+00, 0.00000000e+00, 0.00000000e+00, 0.00000000e+00,
       0.00000000e+00, 0.00000000e+00, 0.00000000e+00, 0.00000000e+00]), array([4.81460404e-07, 9.62920810e-07, 0.00000000e+00, 0.00000000e+00,
       4.81460404e-07, 4.81460404e-07, 0.00000000e+00, 4.81460404e-07,
       0.00000000e+00, 4.81460404e-07, 0.00000000e+00, 4.81460404e-07,
       0.00000000e+00, 4.81460404e-07, 0.00000000e+00, 0.00000000e+00,
       0.00000000e+00, 0.00000000e+00, 0.00000000e+00, 4.81460404e-07,
       1.44438122e-06, 9.62920810e-07, 9.62920810e-07, 0.00000000e+00,
       9.62920810e-07, 0.00000000e+00, 9.62920810e-07, 0.00000000e+00,
       2.40730202e-06, 1.44438122e-06, 4.81460404e-07, 1.92584162e-06,
       0.00000000e+00, 1.44438122e-06, 2.88876243e-06, 1.92584162e-06,
       3.37022283e-06, 5.29606445e-06, 1.92584162e-06, 8.18482685e-06,
       9.62920810e-06, 1.25179705e-05, 1.15550497e-05, 2.26286390e-05,
       3.22578471e-05, 3.99612136e-05, 4.23685156e-05, 6.54786150e-05,
       9.34033185e-05, 1.06884210e-04, 1.10254432e-04, 1.28068468e-04,
       1.42993740e-04, 1.65140918e-04, 1.89695400e-04, 1.96435845e-04,
       2.18101563e-04, 2.52766712e-04, 2.87913322e-04, 3.14393644e-04,
       3.29800377e-04, 3.92390230e-04, 4.01537977e-04, 4.59794686e-04,
       5.06496345e-04, 5.00237360e-04, 5.67160355e-04, 5.87381695e-04,
       5.96047980e-04, 5.89307535e-04, 5.97010900e-04, 6.27342905e-04,
       6.90414220e-04, 7.26523750e-04, 7.62633280e-04, 7.81410235e-04,
       8.12705160e-04, 8.82998380e-04, 9.32107345e-04, 9.82179225e-04,
       1.01395561e-03, 1.04139886e-03, 1.09965557e-03, 1.10013703e-03,
       1.15020891e-03, 1.15020891e-03, 1.13239487e-03, 1.11939544e-03,
       1.11939544e-03, 1.09147074e-03, 1.12998757e-03, 1.05439829e-03,
       1.10398871e-03, 1.09772972e-03, 1.10302579e-03, 1.16994878e-03,
       1.22627965e-03, 1.27249985e-03, 1.31101668e-03, 1.22098359e-03,
       1.22868695e-03, 1.24938975e-03, 1.25998188e-03, 1.22724257e-03,
       1.24216784e-03, 1.24553806e-03, 1.21087292e-03, 1.29368411e-03,
       1.38805034e-03, 1.39334641e-03, 1.43860369e-03, 1.50023062e-03,
       1.56330193e-03, 1.62107718e-03, 1.61481819e-03, 1.61000359e-03,
       1.68318557e-03, 1.68077827e-03, 1.72122094e-03, 1.66344570e-03,
       1.69570354e-03, 1.72073948e-03, 1.72651701e-03, 1.71881364e-03,
       1.68751872e-03, 1.63070639e-03, 1.67163052e-03, 1.64274290e-03,
       1.62155864e-03, 1.58930079e-03, 1.57919012e-03, 1.53826599e-03,
       1.57630136e-03, 1.50504522e-03, 1.46845423e-03, 1.42367841e-03,
       1.50552668e-03, 1.44004807e-03, 1.42464133e-03, 1.39719810e-03,
       1.35049643e-03, 1.31294252e-03, 1.25901896e-03, 1.21376168e-03,
       1.23302010e-03, 1.25516727e-03, 1.31101668e-03, 1.32642341e-03,
       1.38708742e-03, 1.38612450e-03, 1.33508970e-03, 1.39142057e-03,
       1.35097789e-03, 1.40345708e-03, 1.40104977e-03, 1.42801156e-03,
       1.53393285e-03, 1.68751872e-03, 1.88684333e-03, 2.08279771e-03,
       2.43330089e-03, 2.78187822e-03, 3.22626616e-03, 3.70531927e-03,
       4.14392970e-03, 4.46891547e-03, 5.00815112e-03, 5.82278213e-03,
       6.36779530e-03, 6.94025172e-03, 7.30856894e-03, 7.87524783e-03,
       8.19445608e-03, 8.86946356e-03, 9.64028168e-03, 9.87812313e-03,
       1.02214044e-02, 1.11328089e-02, 1.21039145e-02, 1.34707806e-02,
       1.50571927e-02, 1.65217952e-02, 1.85940008e-02, 2.07273518e-02,
       2.24177594e-02, 2.34495290e-02, 2.45607396e-02, 2.61457073e-02,
       2.83777576e-02, 3.04398526e-02, 3.09790882e-02, 3.09872730e-02,
       3.10671955e-02, 3.05342188e-02, 2.93271976e-02, 2.56445069e-02,
       2.23060605e-02, 1.77750367e-02, 1.28675108e-02, 9.16267295e-03,
       6.85984787e-03, 4.88248996e-03, 3.49732838e-03, 2.35674868e-03,
       1.31920151e-03, 5.39235652e-04, 1.79584731e-04, 7.12561398e-05,
       2.79247035e-05, 2.35915598e-05, 2.02213370e-05, 1.25179705e-05,
       1.05921289e-05, 8.18482687e-06, 7.22190606e-06, 8.18482688e-06,
       7.70336647e-06, 5.77752485e-06, 4.81460404e-06, 3.85168323e-06,
       3.85168324e-06, 2.40730202e-06, 4.33314364e-06, 3.37022283e-06,
       2.88876243e-06, 4.81460404e-07, 9.62920808e-07, 4.81460404e-07,
       9.62920810e-07, 1.44438122e-06, 1.44438121e-06, 0.00000000e+00,
       4.81460404e-07, 0.00000000e+00, 1.44438121e-06, 4.81460404e-07,
       1.92584162e-06, 4.81460404e-07, 0.00000000e+00, 0.00000000e+00,
       0.00000000e+00, 9.62920810e-07, 0.00000000e+00, 0.00000000e+00,
       0.00000000e+00, 4.81460404e-07, 9.62920810e-07, 4.81460404e-07,
       0.00000000e+00, 0.00000000e+00, 1.92584162e-06, 2.40730202e-06,
       4.81460404e-07, 1.44438122e-06, 0.00000000e+00, 0.00000000e+00]), array([1.21969969e-05, 3.69119643e-06, 5.29606445e-06, 4.65411725e-06,
       5.93801165e-06, 5.29606445e-06, 4.49363043e-06, 5.45655125e-06,
       4.65411725e-06, 6.41947207e-06, 8.50580047e-06, 7.22190607e-06,
       6.90093245e-06, 9.46872128e-06, 1.15550497e-05, 1.13945629e-05,
       9.14774768e-06, 1.13945629e-05, 1.55672197e-05, 1.49252725e-05,
       1.34808913e-05, 1.31599177e-05, 1.70116009e-05, 1.81350086e-05,
       2.02213370e-05, 2.02213370e-05, 1.90979294e-05, 1.99003634e-05,
       1.74930614e-05, 2.21471786e-05, 2.18262050e-05, 2.27891259e-05,
       2.61593486e-05, 2.58383751e-05, 2.56778882e-05, 3.04924922e-05,
       2.56778882e-05, 3.04924923e-05, 3.19368735e-05, 3.64305039e-05,
       3.94797532e-05, 3.46651490e-05, 3.25788206e-05, 3.01715187e-05,
       3.64305039e-05, 4.06031608e-05, 4.28499760e-05, 4.50967912e-05,
       4.94299348e-05, 4.65411724e-05, 5.80962221e-05, 5.42445389e-05,
       6.25898526e-05, 6.38737469e-05, 6.40342338e-05, 6.32317998e-05,
       6.61205622e-05, 6.93302981e-05, 7.38239286e-05, 7.28610077e-05,
       7.73546384e-05, 7.92804798e-05, 8.26507027e-05, 8.34531367e-05,
       9.01935824e-05, 8.92306615e-05, 8.93911484e-05, 9.99832772e-05,
       1.02711553e-04, 1.15390010e-04, 1.14106116e-04, 1.12661735e-04,
       1.29352362e-04, 1.36413781e-04, 1.42030819e-04, 1.44117148e-04,
       1.57116579e-04, 1.73486232e-04, 1.59363394e-04, 1.65301405e-04,
       1.80708138e-04, 1.88411505e-04, 1.85843716e-04, 2.11682091e-04,
       2.28854179e-04, 2.24360548e-04, 2.52927199e-04, 2.50840871e-04,
       2.88394782e-04, 2.97382043e-04, 3.27393075e-04, 3.56280699e-04,
       3.80514206e-04, 3.95599965e-04, 4.38770915e-04, 4.64769777e-04,
       4.86275008e-04, 5.23347459e-04, 5.46457559e-04, 5.68604737e-04,
       5.85134878e-04, 6.08405464e-04, 6.75007487e-04, 7.28289104e-04,
       7.92965287e-04, 8.35333802e-04, 9.04824586e-04, 9.40613143e-04,
       1.05536121e-03, 1.19000963e-03, 1.30267137e-03, 1.46845423e-03,
       1.56843751e-03, 1.76872504e-03, 1.95456876e-03, 2.16865815e-03,
       2.39847525e-03, 2.65124196e-03, 2.89662628e-03, 3.06690277e-03,
       3.32400263e-03, 3.53263547e-03, 3.86163341e-03, 4.10220313e-03,
       4.49314898e-03, 4.88088509e-03, 5.24117796e-03, 5.71942863e-03,
       6.27358955e-03, 6.76211138e-03, 7.14551434e-03, 7.55764446e-03,
       7.94698542e-03, 8.27678580e-03, 8.50868924e-03, 8.92178227e-03,
       9.24243490e-03, 9.51189223e-03, 9.82082932e-03, 1.01503087e-02,
       1.06352998e-02, 1.10759966e-02, 1.15192611e-02, 1.20714962e-02,
       1.24829844e-02, 1.30738968e-02, 1.34043391e-02, 1.38724791e-02,
       1.44845758e-02, 1.47317254e-02, 1.56187360e-02, 1.63534446e-02,
       1.72548989e-02, 1.79592755e-02, 1.91924561e-02, 2.02211765e-02,
       2.09059737e-02, 2.15082806e-02, 2.22839134e-02, 2.29350083e-02,
       2.33724953e-02, 2.31362587e-02, 2.27705093e-02, 2.24159940e-02,
       2.12752538e-02, 2.02524714e-02, 1.91374091e-02, 1.78129116e-02,
       1.68073013e-02, 1.43850739e-02, 1.20113137e-02, 1.01133968e-02,
       8.46407390e-03, 7.07040653e-03, 5.73772412e-03, 4.47212521e-03,
       3.20171169e-03, 2.24777814e-03, 1.53987086e-03, 1.06386701e-03,
       7.19943790e-04, 5.21421617e-04, 3.73773761e-04, 2.66408090e-04,
       1.98682661e-04, 1.60326315e-04, 1.38339623e-04, 8.71443331e-05,
       5.31211312e-05, 3.64305040e-05, 2.87271375e-05, 2.32705863e-05,
       1.52462461e-05, 1.01106685e-05, 1.29994309e-05, 1.10735893e-05,
       8.98726089e-06, 9.62920809e-06, 6.25898526e-06, 5.61703805e-06,
       6.09849845e-06, 5.13557765e-06, 4.01217003e-06, 3.85168323e-06,
       4.17265683e-06, 3.69119642e-06, 2.88876242e-06, 2.72827562e-06,
       3.53070963e-06, 2.40730202e-06, 3.85168323e-06, 1.44438121e-06,
       8.02434007e-07, 1.76535482e-06, 1.28389441e-06, 1.28389441e-06,
       1.76535482e-06, 1.92584162e-06, 8.02434006e-07, 1.28389441e-06,
       9.62920809e-07, 1.28389441e-06, 8.02434008e-07, 1.12340761e-06,
       1.28389441e-06, 1.44438121e-06, 3.20973603e-07, 6.41947206e-07,
       4.81460405e-07, 4.81460405e-07, 1.12340761e-06, 6.41947206e-07,
       4.81460404e-07, 3.20973603e-07, 3.20973603e-07, 3.20973603e-07,
       1.60486801e-07, 1.60486801e-07, 1.60486801e-07, 0.00000000e+00,
       0.00000000e+00, 0.00000000e+00, 0.00000000e+00, 0.00000000e+00,
       0.00000000e+00, 0.00000000e+00, 0.00000000e+00, 0.00000000e+00,
       0.00000000e+00, 0.00000000e+00, 0.00000000e+00, 0.00000000e+00,
       0.00000000e+00, 0.00000000e+00, 0.00000000e+00, 0.00000000e+00]), array([0.00000000e+00, 0.00000000e+00, 0.00000000e+00, 0.00000000e+00,
       0.00000000e+00, 0.00000000e+00, 0.00000000e+00, 0.00000000e+00,
       0.00000000e+00, 0.00000000e+00, 0.00000000e+00, 0.00000000e+00,
       0.00000000e+00, 0.00000000e+00, 0.00000000e+00, 0.00000000e+00,
       0.00000000e+00, 0.00000000e+00, 0.00000000e+00, 0.00000000e+00,
       0.00000000e+00, 0.00000000e+00, 0.00000000e+00, 4.81460404e-07,
       0.00000000e+00, 4.81460404e-07, 2.40730202e-06, 3.37022283e-06,
       2.88876243e-06, 6.74044565e-06, 1.15550497e-05, 1.29994309e-05,
       1.54067330e-05, 1.15550497e-05, 1.34808913e-05, 9.14774770e-06,
       1.73325746e-05, 1.54067330e-05, 2.31100994e-05, 2.84061639e-05,
       2.79247034e-05, 3.08134659e-05, 5.68123278e-05, 5.48864861e-05,
       6.30713130e-05, 6.59600754e-05, 9.19589374e-05, 9.00330956e-05,
       9.38847788e-05, 1.00143764e-04, 1.13143195e-04, 1.17476338e-04,
       1.16994878e-04, 1.16513418e-04, 1.25179705e-04, 1.11217353e-04,
       1.59844854e-04, 1.47808344e-04, 1.86325176e-04, 1.97880226e-04,
       2.18101563e-04, 2.40730202e-04, 2.33508296e-04, 2.64803223e-04,
       2.42174583e-04, 2.54692554e-04, 2.46507727e-04, 2.56618396e-04,
       2.80209955e-04, 2.55655475e-04, 2.83098718e-04, 2.91765005e-04,
       3.24985773e-04, 2.72506589e-04, 2.81172876e-04, 2.76839732e-04,
       3.15838025e-04, 3.38948124e-04, 3.88057086e-04, 4.21759315e-04,
       4.57387384e-04, 5.07459266e-04, 5.11310949e-04, 5.63308673e-04,
       5.74863723e-04, 5.98936743e-04, 6.85599616e-04, 7.08228255e-04,
       7.30856894e-04, 7.78521474e-04, 8.82998380e-04, 9.54735979e-04,
       1.11891398e-03, 1.19305888e-03, 1.25805604e-03, 1.31149814e-03,
       1.36349586e-03, 1.43523347e-03, 1.47182445e-03, 1.49252725e-03,
       1.56715362e-03, 1.64081705e-03, 1.70774005e-03, 1.77081137e-03,
       1.89165793e-03, 1.98120957e-03, 2.06739098e-03, 2.08039041e-03,
       2.20557011e-03, 2.12998083e-03, 2.22338415e-03, 2.23879088e-03,
       2.38611777e-03, 2.44581885e-03, 2.56907272e-03, 2.72362151e-03,
       2.89405849e-03, 3.00672023e-03, 3.15838025e-03, 3.33315038e-03,
       3.41066550e-03, 3.49395815e-03, 3.57917664e-03, 3.45495987e-03,
       3.50695759e-03, 3.91331016e-03, 4.53198678e-03, 5.25465886e-03,
       6.16895216e-03, 7.05580223e-03, 8.08131289e-03, 9.39377394e-03,
       1.10952550e-02, 1.27736260e-02, 1.38318760e-02, 1.53032189e-02,
       1.64125037e-02, 1.82112398e-02, 1.96426215e-02, 2.15968693e-02,
       2.39926164e-02, 2.59974174e-02, 2.71009247e-02, 2.72501774e-02,
       2.80041444e-02, 2.95746682e-02, 3.19964141e-02, 3.46564829e-02,
       3.65495851e-02, 3.67826120e-02, 3.63748150e-02, 3.33714650e-02,
       2.70436309e-02, 2.24591649e-02, 1.89522073e-02, 1.56479446e-02,
       1.20745455e-02, 8.48622111e-03, 5.47468625e-03, 3.08904996e-03,
       1.50023062e-03, 7.09672635e-04, 5.61864292e-04, 5.23347459e-04,
       5.65234514e-04, 5.37791273e-04, 4.90608152e-04, 4.33314364e-04,
       4.56905924e-04, 4.50646938e-04, 4.16463250e-04, 4.17907631e-04,
       3.80835180e-04, 3.30763298e-04, 3.09097579e-04, 2.85506020e-04,
       2.44581885e-04, 1.88251018e-04, 1.57437552e-04, 8.42555707e-05,
       3.94797532e-05, 1.49252725e-05, 8.66628728e-06, 2.88876243e-06,
       9.62920810e-07, 9.62920810e-07, 9.62920810e-07, 9.62920810e-07,
       1.92584162e-06, 4.81460404e-07, 1.44438122e-06, 4.81460404e-07,
       9.62920810e-07, 4.81460404e-07, 2.88876243e-06, 9.62920810e-07,
       9.62920810e-07, 0.00000000e+00, 9.62920810e-07, 0.00000000e+00,
       0.00000000e+00, 0.00000000e+00, 9.62920810e-07, 0.00000000e+00,
       0.00000000e+00, 0.00000000e+00, 0.00000000e+00, 4.81460404e-07,
       0.00000000e+00, 0.00000000e+00, 0.00000000e+00, 0.00000000e+00,
       0.00000000e+00, 0.00000000e+00, 4.81460404e-07, 0.00000000e+00,
       0.00000000e+00, 4.81460404e-07, 0.00000000e+00, 0.00000000e+00,
       0.00000000e+00, 0.00000000e+00, 4.81460404e-07, 0.00000000e+00,
       0.00000000e+00, 0.00000000e+00, 0.00000000e+00, 0.00000000e+00,
       0.00000000e+00, 0.00000000e+00, 0.00000000e+00, 0.00000000e+00,
       0.00000000e+00, 0.00000000e+00, 0.00000000e+00, 0.00000000e+00,
       0.00000000e+00, 0.00000000e+00, 0.00000000e+00, 0.00000000e+00,
       0.00000000e+00, 0.00000000e+00, 0.00000000e+00, 0.00000000e+00,
       0.00000000e+00, 0.00000000e+00, 0.00000000e+00, 0.00000000e+00,
       0.00000000e+00, 0.00000000e+00, 0.00000000e+00, 0.00000000e+00,
       0.00000000e+00, 0.00000000e+00, 0.00000000e+00, 0.00000000e+00]), array([0.00000000e+00, 0.00000000e+00, 0.00000000e+00, 0.00000000e+00,
       0.00000000e+00, 0.00000000e+00, 0.00000000e+00, 0.00000000e+00,
       0.00000000e+00, 0.00000000e+00, 0.00000000e+00, 0.00000000e+00,
       0.00000000e+00, 0.00000000e+00, 0.00000000e+00, 0.00000000e+00,
       0.00000000e+00, 0.00000000e+00, 0.00000000e+00, 0.00000000e+00,
       0.00000000e+00, 0.00000000e+00, 0.00000000e+00, 0.00000000e+00,
       0.00000000e+00, 0.00000000e+00, 0.00000000e+00, 0.00000000e+00,
       9.62920808e-07, 0.00000000e+00, 0.00000000e+00, 0.00000000e+00,
       0.00000000e+00, 0.00000000e+00, 0.00000000e+00, 1.92584162e-06,
       0.00000000e+00, 9.62920808e-07, 2.88876243e-06, 0.00000000e+00,
       5.77752485e-06, 4.81460404e-06, 7.70336647e-06, 3.85168323e-06,
       6.74044566e-06, 1.34808913e-05, 1.92584162e-05, 2.11842578e-05,
       2.79247034e-05, 3.27393075e-05, 3.94797531e-05, 4.62201988e-05,
       4.91089612e-05, 5.87381693e-05, 5.39235653e-05, 6.93302982e-05,
       5.97010901e-05, 5.29606445e-05, 3.94797531e-05, 4.14055948e-05,
       5.87381693e-05, 5.68123277e-05, 5.39235653e-05, 4.62201988e-05,
       4.91089612e-05, 4.04426740e-05, 4.91089612e-05, 4.14055948e-05,
       4.62201988e-05, 2.59988618e-05, 3.17763867e-05, 4.14055948e-05,
       3.46651491e-05, 3.08134659e-05, 3.27393075e-05, 3.85168323e-05,
       3.85168323e-05, 4.33314364e-05, 3.46651491e-05, 5.19977237e-05,
       4.81460404e-05, 5.19977237e-05, 6.54786150e-05, 7.22190606e-05,
       9.91808433e-05, 1.29994309e-04, 1.64659458e-04, 1.66585300e-04,
       2.31100994e-04, 2.67691985e-04, 2.61914460e-04, 3.53391937e-04,
       3.67835749e-04, 3.40873966e-04, 4.27536839e-04, 4.51609859e-04,
       4.47758176e-04, 5.99899664e-04, 6.15306397e-04, 6.19158080e-04,
       6.77896249e-04, 7.37597339e-04, 8.04038875e-04, 8.12705162e-04,
       9.33070263e-04, 9.69661254e-04, 1.02551066e-03, 1.11891398e-03,
       1.21328022e-03, 1.17668923e-03, 1.30668354e-03, 1.32112735e-03,
       1.39912393e-03, 1.49252725e-03, 1.56570923e-03, 1.63503953e-03,
       1.71688780e-03, 1.88443602e-03, 1.98072810e-03, 2.00576404e-03,
       2.20701449e-03, 2.35723014e-03, 2.44389301e-03, 2.48240984e-03,
       2.43137504e-03, 2.59025697e-03, 2.61144123e-03, 2.76454564e-03,
       2.74625015e-03, 2.79343327e-03, 2.96579609e-03, 3.01586797e-03,
       3.09482748e-03, 2.97061069e-03, 2.88587366e-03, 2.83002426e-03,
       2.75106475e-03, 2.63551425e-03, 2.65958727e-03, 2.51803791e-03,
       2.58544237e-03, 2.58062777e-03, 2.56040643e-03, 2.44293009e-03,
       2.54692554e-03, 2.46892895e-03, 2.46700311e-03, 2.52092668e-03,
       2.31678747e-03, 2.35048969e-03, 2.22530999e-03, 1.94124835e-03,
       2.04235503e-03, 1.96146969e-03, 1.98554271e-03, 1.91813825e-03,
       1.83340122e-03, 1.81606864e-03, 1.85940008e-03, 1.77947765e-03,
       1.79969899e-03, 1.71207320e-03, 1.67451929e-03, 1.61096651e-03,
       1.52334072e-03, 1.55993171e-03, 1.55415418e-03, 1.53971037e-03,
       1.48289804e-03, 1.51467443e-03, 1.50697107e-03, 1.42801156e-03,
       1.39719809e-03, 1.47134300e-03, 1.40779022e-03, 1.36253294e-03,
       1.40490146e-03, 1.38660596e-03, 1.39334641e-03, 1.35386666e-03,
       1.33268240e-03, 1.48867557e-03, 1.51563735e-03, 1.65622379e-03,
       1.71496196e-03, 1.82377201e-03, 1.83243830e-03, 1.90176860e-03,
       2.08376063e-03, 2.05102132e-03, 2.27153019e-03, 2.41019078e-03,
       2.54403678e-03, 2.78091529e-03, 3.10541961e-03, 3.19978585e-03,
       3.49636546e-03, 3.67739457e-03, 3.86997873e-03, 4.15211453e-03,
       4.30425601e-03, 4.40825146e-03, 4.69038726e-03, 5.00718820e-03,
       5.24406672e-03, 5.63982717e-03, 5.80544955e-03, 5.94218431e-03,
       5.96818317e-03, 6.08180783e-03, 6.20121001e-03, 6.40053461e-03,
       6.96962081e-03, 7.32686443e-03, 7.90750568e-03, 8.20408529e-03,
       8.56518059e-03, 9.11693421e-03, 1.00413382e-02, 1.08039715e-02,
       1.22839808e-02, 1.31563870e-02, 1.42984111e-02, 1.56378339e-02,
       1.72247274e-02, 1.81905370e-02, 1.92170106e-02, 2.10330792e-02,
       2.31669117e-02, 2.51331960e-02, 2.65987615e-02, 2.73402105e-02,
       2.69656343e-02, 2.74124296e-02, 2.57263552e-02, 2.49492781e-02,
       2.35992632e-02, 1.99565338e-02, 1.39180574e-02, 8.15786509e-03,
       4.36684587e-03, 1.72940577e-03, 8.46407391e-04, 5.44050257e-04,
       3.54354858e-04, 2.68654906e-04, 2.13768419e-04, 1.67548221e-04,
       9.24403976e-05, 4.91089612e-05, 2.02213370e-05, 4.81460404e-06,
       9.62920808e-07, 0.00000000e+00, 0.00000000e+00, 0.00000000e+00]), array([0.00000000e+00, 0.00000000e+00, 0.00000000e+00, 0.00000000e+00,
       0.00000000e+00, 0.00000000e+00, 0.00000000e+00, 0.00000000e+00,
       0.00000000e+00, 0.00000000e+00, 0.00000000e+00, 0.00000000e+00,
       0.00000000e+00, 0.00000000e+00, 0.00000000e+00, 0.00000000e+00,
       0.00000000e+00, 0.00000000e+00, 0.00000000e+00, 0.00000000e+00,
       0.00000000e+00, 0.00000000e+00, 0.00000000e+00, 0.00000000e+00,
       0.00000000e+00, 0.00000000e+00, 0.00000000e+00, 0.00000000e+00,
       0.00000000e+00, 0.00000000e+00, 0.00000000e+00, 0.00000000e+00,
       0.00000000e+00, 0.00000000e+00, 0.00000000e+00, 0.00000000e+00,
       0.00000000e+00, 0.00000000e+00, 0.00000000e+00, 0.00000000e+00,
       0.00000000e+00, 0.00000000e+00, 0.00000000e+00, 0.00000000e+00,
       0.00000000e+00, 0.00000000e+00, 0.00000000e+00, 5.77752485e-06,
       5.77752485e-06, 1.73325746e-05, 2.69617826e-05, 3.27393075e-05,
       4.81460404e-05, 5.48864861e-05, 7.02932190e-05, 8.56999520e-05,
       1.18439259e-04, 1.37697676e-04, 1.88732478e-04, 1.84880795e-04,
       2.29175152e-04, 2.71543668e-04, 2.89839163e-04, 3.33170600e-04,
       3.92871690e-04, 4.78571642e-04, 5.35383969e-04, 6.31676050e-04,
       6.95228824e-04, 7.21227686e-04, 7.03895111e-04, 7.10635557e-04,
       7.94409667e-04, 7.08709715e-04, 7.25079369e-04, 7.24116448e-04,
       7.45300706e-04, 6.89451299e-04, 7.10635557e-04, 6.86562536e-04,
       7.38560260e-04, 8.30037737e-04, 7.78040013e-04, 8.13668083e-04,
       7.64559122e-04, 7.40486102e-04, 7.52041151e-04, 7.05820953e-04,
       7.32782735e-04, 7.15450161e-04, 7.68410805e-04, 7.97298429e-04,
       7.27005210e-04, 6.32638971e-04, 6.16269317e-04, 6.25898525e-04,
       6.14343476e-04, 6.05677189e-04, 5.59456990e-04, 5.37309811e-04,
       5.33458128e-04, 5.28643524e-04, 5.52716544e-04, 5.80641247e-04,
       5.82567089e-04, 5.14199712e-04, 5.31532286e-04, 5.26717682e-04,
       5.50790702e-04, 5.42124415e-04, 5.77752485e-04, 5.07459266e-04,
       5.47901940e-04, 5.47901940e-04, 5.33458128e-04, 4.28499760e-04,
       4.57387384e-04, 4.62201988e-04, 5.15162633e-04, 4.93015454e-04,
       4.68942434e-04, 4.65090750e-04, 4.41980651e-04, 4.85312087e-04,
       5.39235653e-04, 4.93015454e-04, 4.79534563e-04, 4.85312087e-04,
       4.96867137e-04, 4.34277285e-04, 4.52572780e-04, 4.43906493e-04,
       4.36203126e-04, 3.99612135e-04, 4.43906493e-04, 4.13093027e-04,
       3.97686294e-04, 4.19833472e-04, 4.05389660e-04, 4.39091889e-04,
       4.52572780e-04, 4.16944710e-04, 4.19833472e-04, 4.45832334e-04,
       4.41017730e-04, 4.33314364e-04, 4.52572780e-04, 4.71831196e-04,
       5.01681741e-04, 4.86275008e-04, 4.83386246e-04, 5.09385108e-04,
       4.74719959e-04, 4.90126691e-04, 5.02644662e-04, 5.01681741e-04,
       5.02644662e-04, 5.03607583e-04, 5.26717682e-04, 5.14199712e-04,
       4.62201988e-04, 4.65090750e-04, 5.05533424e-04, 4.63164909e-04,
       4.81460404e-04, 4.83386246e-04, 4.69905355e-04, 5.20940157e-04,
       5.20940157e-04, 5.91233376e-04, 5.72937881e-04, 6.64415358e-04,
       6.71155803e-04, 6.16269317e-04, 6.07603030e-04, 7.13524319e-04,
       7.36634418e-04, 7.83817538e-04, 8.03075954e-04, 8.64702886e-04,
       1.04958368e-03, 1.31823859e-03, 1.59267102e-03, 1.84206751e-03,
       1.93643375e-03, 2.21568078e-03, 2.46122559e-03, 2.97253654e-03,
       3.42510932e-03, 3.69280130e-03, 3.63598897e-03, 3.65139571e-03,
       4.27344255e-03, 5.56375643e-03, 6.89836467e-03, 7.73899454e-03,
       8.21178865e-03, 8.59406822e-03, 9.80060799e-03, 1.07924164e-02,
       1.19902899e-02, 1.24852312e-02, 1.35974047e-02, 1.48838669e-02,
       1.76705598e-02, 1.98795001e-02, 2.08376063e-02, 2.15135767e-02,
       2.27807805e-02, 2.44630031e-02, 2.60344899e-02, 2.86680783e-02,
       3.00344629e-02, 3.34586093e-02, 3.64032212e-02, 3.65428447e-02,
       3.32332859e-02, 3.38861462e-02, 3.89973298e-02, 4.03415673e-02,
       3.31649185e-02, 2.07596097e-02, 1.23773841e-02, 7.50693062e-03,
       4.32832903e-03, 1.60518899e-03, 2.33026836e-04, 1.15550497e-05,
       2.88876243e-06, 1.92584162e-06, 2.88876243e-06, 9.62920808e-07,
       1.92584162e-06, 0.00000000e+00, 9.62920808e-07, 0.00000000e+00,
       0.00000000e+00, 1.92584162e-06, 1.92584162e-06, 9.62920808e-07,
       9.62920808e-07, 0.00000000e+00, 0.00000000e+00, 0.00000000e+00,
       0.00000000e+00, 0.00000000e+00, 0.00000000e+00, 2.88876243e-06,
       0.00000000e+00, 9.62920808e-07, 0.00000000e+00, 0.00000000e+00,
       0.00000000e+00, 0.00000000e+00, 0.00000000e+00, 0.00000000e+00]), array([0.00000000e+00, 0.00000000e+00, 0.00000000e+00, 0.00000000e+00,
       0.00000000e+00, 0.00000000e+00, 0.00000000e+00, 0.00000000e+00,
       0.00000000e+00, 0.00000000e+00, 0.00000000e+00, 0.00000000e+00,
       0.00000000e+00, 0.00000000e+00, 0.00000000e+00, 0.00000000e+00,
       0.00000000e+00, 0.00000000e+00, 0.00000000e+00, 0.00000000e+00,
       0.00000000e+00, 0.00000000e+00, 0.00000000e+00, 0.00000000e+00,
       0.00000000e+00, 0.00000000e+00, 0.00000000e+00, 0.00000000e+00,
       0.00000000e+00, 0.00000000e+00, 0.00000000e+00, 0.00000000e+00,
       0.00000000e+00, 0.00000000e+00, 0.00000000e+00, 0.00000000e+00,
       0.00000000e+00, 9.62920808e-07, 9.62920808e-07, 0.00000000e+00,
       1.92584162e-06, 2.88876243e-06, 9.62920808e-06, 1.34808913e-05,
       1.15550497e-05, 1.25179705e-05, 2.02213370e-05, 2.50359410e-05,
       3.17763867e-05, 3.27393075e-05, 3.85168323e-05, 3.85168323e-05,
       4.42943572e-05, 4.14055948e-05, 3.75539115e-05, 3.85168323e-05,
       4.33314364e-05, 5.29606445e-05, 4.33314364e-05, 6.64415358e-05,
       4.91089612e-05, 6.45156942e-05, 5.48864861e-05, 8.08853479e-05,
       7.70336647e-05, 8.08853479e-05, 8.28111895e-05, 1.16513418e-04,
       9.72550017e-05, 1.13624655e-04, 1.27105547e-04, 1.47326884e-04,
       1.43475200e-04, 1.37697676e-04, 1.68511141e-04, 1.66585300e-04,
       1.96435845e-04, 2.00287528e-04, 2.51322331e-04, 2.26286390e-04,
       2.50359410e-04, 2.77321193e-04, 3.09097580e-04, 3.62058224e-04,
       3.91908769e-04, 4.77608721e-04, 5.74863723e-04, 6.35527734e-04,
       8.05001796e-04, 1.01877022e-03, 1.14972745e-03, 1.35675542e-03,
       1.52911824e-03, 1.78429226e-03, 2.14442464e-03, 2.56233227e-03,
       2.87142985e-03, 3.20074877e-03, 3.59169462e-03, 3.89405175e-03,
       4.27055379e-03, 4.64512998e-03, 4.84638043e-03, 5.08614771e-03,
       5.46264975e-03, 5.58205193e-03, 6.04232807e-03, 6.32831555e-03,
       6.63548729e-03, 6.96962081e-03, 7.10828141e-03, 7.23346111e-03,
       7.15257577e-03, 7.08806007e-03, 6.95036240e-03, 6.93302982e-03,
       6.66341199e-03, 6.53341769e-03, 6.40534922e-03, 6.15306397e-03,
       6.02210674e-03, 5.88440906e-03, 5.50598118e-03, 5.44820593e-03,
       4.97348598e-03, 4.72312657e-03, 4.63357493e-03, 4.63935246e-03,
       4.70001647e-03, 4.65957379e-03, 4.61720528e-03, 4.68749850e-03,
       4.66535132e-03, 4.55076374e-03, 4.28596052e-03, 4.20026057e-03,
       4.06641457e-03, 3.87479333e-03, 3.73902150e-03, 3.71013387e-03,
       3.58302833e-03, 3.39911045e-03, 3.26333862e-03, 3.22674763e-03,
       2.96194441e-03, 2.77706361e-03, 2.59507158e-03, 2.64803222e-03,
       2.70291871e-03, 2.64129178e-03, 2.55944351e-03, 2.68269737e-03,
       2.73276925e-03, 2.78284114e-03, 2.79535911e-03, 2.64418054e-03,
       2.51514915e-03, 2.62299628e-03, 2.56136935e-03, 2.61721876e-03,
       2.53344465e-03, 2.63647717e-03, 2.69040074e-03, 2.80498831e-03,
       2.83869054e-03, 2.80980292e-03, 2.85987480e-03, 3.31148466e-03,
       3.76502036e-03, 4.33121780e-03, 4.77705013e-03, 5.45398346e-03,
       6.10973253e-03, 6.85792200e-03, 7.56374295e-03, 8.39281777e-03,
       9.33744308e-03, 1.06065727e-02, 1.27375165e-02, 1.43687043e-02,
       1.62098089e-02, 1.69782197e-02, 1.75068632e-02, 1.74461992e-02,
       1.69637759e-02, 1.85699278e-02, 1.98679450e-02, 2.07268704e-02,
       2.09107883e-02, 2.10061174e-02, 2.00566775e-02, 1.82203875e-02,
       1.53711049e-02, 1.28338085e-02, 1.05632413e-02, 8.58540193e-03,
       7.53004072e-03, 6.99273091e-03, 6.65474571e-03, 6.13187971e-03,
       5.43953965e-03, 5.10925781e-03, 4.75971756e-03, 4.35721666e-03,
       4.59890978e-03, 3.78909338e-03, 2.94750059e-03, 2.08664939e-03,
       1.17283754e-03, 5.11310949e-04, 1.54067329e-04, 3.75539115e-05,
       8.66628728e-06, 3.85168323e-06, 9.62920808e-07, 9.62920808e-07,
       2.88876243e-06, 3.85168323e-06, 0.00000000e+00, 1.92584162e-06,
       0.00000000e+00, 0.00000000e+00, 0.00000000e+00, 1.92584162e-06,
       0.00000000e+00, 1.92584162e-06, 0.00000000e+00, 0.00000000e+00,
       0.00000000e+00, 0.00000000e+00, 0.00000000e+00, 0.00000000e+00,
       0.00000000e+00, 0.00000000e+00, 0.00000000e+00, 0.00000000e+00,
       0.00000000e+00, 0.00000000e+00, 0.00000000e+00, 0.00000000e+00,
       0.00000000e+00, 0.00000000e+00, 0.00000000e+00, 0.00000000e+00,
       0.00000000e+00, 0.00000000e+00, 0.00000000e+00, 0.00000000e+00,
       0.00000000e+00, 0.00000000e+00, 0.00000000e+00, 0.00000000e+00,
       0.00000000e+00, 0.00000000e+00, 0.00000000e+00, 0.00000000e+00]), array([0.00000000e+00, 9.62920808e-07, 9.62920808e-07, 0.00000000e+00,
       1.92584162e-06, 9.62920808e-07, 9.62920808e-07, 9.62920808e-07,
       0.00000000e+00, 1.92584162e-06, 1.92584162e-06, 1.92584162e-06,
       1.92584162e-06, 1.92584162e-06, 9.62920808e-07, 2.88876243e-06,
       1.92584162e-06, 2.88876243e-06, 2.88876243e-06, 1.05921289e-05,
       7.70336647e-06, 6.74044566e-06, 1.54067329e-05, 2.21471786e-05,
       2.02213370e-05, 2.79247034e-05, 2.02213370e-05, 2.50359410e-05,
       2.50359410e-05, 2.69617826e-05, 3.17763867e-05, 4.04426740e-05,
       5.58494069e-05, 4.71831196e-05, 5.48864861e-05, 5.29606445e-05,
       7.70336647e-05, 7.89595063e-05, 9.53291600e-05, 9.14774768e-05,
       8.47370311e-05, 1.16513418e-04, 1.33845992e-04, 1.31920151e-04,
       1.48289804e-04, 1.34808913e-04, 1.55030250e-04, 1.77177429e-04,
       1.87769558e-04, 1.92584162e-04, 2.29175152e-04, 2.07027974e-04,
       2.07990895e-04, 2.27249311e-04, 2.49396489e-04, 2.42656044e-04,
       2.84061638e-04, 2.91765005e-04, 3.39911045e-04, 3.44725649e-04,
       3.75539115e-04, 4.04426740e-04, 4.17907631e-04, 4.34277285e-04,
       4.64127830e-04, 4.75682879e-04, 4.53535701e-04, 5.21903078e-04,
       5.84492931e-04, 6.23972684e-04, 6.66341199e-04, 7.72262488e-04,
       7.95372588e-04, 8.23297291e-04, 9.13811847e-04, 9.99511799e-04,
       9.48476996e-04, 1.06402749e-03, 1.18631844e-03, 1.27683299e-03,
       1.41838235e-03, 1.48578681e-03, 1.63600245e-03, 1.68029681e-03,
       1.58593057e-03, 1.74288666e-03, 1.92295285e-03, 1.98939439e-03,
       2.09531568e-03, 2.06353929e-03, 2.09435276e-03, 1.96050677e-03,
       1.88925063e-03, 1.94413711e-03, 1.85843716e-03, 1.96724721e-03,
       1.83917874e-03, 1.87191805e-03, 1.77562597e-03, 1.68703726e-03,
       1.54067329e-03, 1.48674973e-03, 1.46749131e-03, 1.43860369e-03,
       1.35482958e-03, 1.42223403e-03, 1.39045765e-03, 1.32690487e-03,
       1.30475770e-03, 1.26527794e-03, 1.27009255e-03, 1.27298131e-03,
       1.24313076e-03, 1.13239487e-03, 1.17668923e-03, 1.20653977e-03,
       1.23061279e-03, 1.25661166e-03, 1.17957799e-03, 1.14972745e-03,
       1.10254433e-03, 1.14587576e-03, 1.28549928e-03, 1.37601384e-03,
       1.44149245e-03, 1.42608572e-03, 1.38564304e-03, 1.34808913e-03,
       1.31920151e-03, 1.21905774e-03, 1.32497903e-03, 1.32594195e-03,
       1.33460824e-03, 1.37890260e-03, 1.34327453e-03, 1.31246106e-03,
       1.38756888e-03, 1.31727567e-03, 1.27779591e-03, 1.24120492e-03,
       1.19883641e-03, 1.16994878e-03, 1.19691056e-03, 1.29994309e-03,
       1.30475770e-03, 1.31438690e-03, 1.32112735e-03, 1.19402180e-03,
       1.17572631e-03, 1.27875883e-03, 1.43475200e-03, 1.52334072e-03,
       1.67451929e-03, 1.64274290e-03, 1.57437552e-03, 1.57630136e-03,
       1.63600245e-03, 1.75829340e-03, 1.77177429e-03, 1.72170241e-03,
       1.68607434e-03, 1.63696537e-03, 1.63792830e-03, 1.74866419e-03,
       1.84591919e-03, 1.92584162e-03, 1.83628998e-03, 1.70244399e-03,
       1.62829909e-03, 1.51082275e-03, 1.66007547e-03, 1.73614622e-03,
       1.76695968e-03, 1.70051815e-03, 1.55126542e-03, 1.49830478e-03,
       1.70436983e-03, 1.70918443e-03, 1.96050677e-03, 2.25419761e-03,
       2.60277495e-03, 2.82713549e-03, 2.96290733e-03, 3.17378698e-03,
       3.52814184e-03, 3.94797531e-03, 4.15211453e-03, 4.82423325e-03,
       5.71878668e-03, 6.85695908e-03, 7.77943721e-03, 9.28255659e-03,
       1.04438391e-02, 1.07413816e-02, 1.19267371e-02, 1.22117617e-02,
       1.20355472e-02, 1.25275997e-02, 1.35598508e-02, 1.47557985e-02,
       1.55627261e-02, 1.59344135e-02, 1.65814963e-02, 1.89483557e-02,
       2.14615790e-02, 2.51168264e-02, 2.64966919e-02, 2.68337142e-02,
       2.68211962e-02, 2.92410162e-02, 3.05245896e-02, 3.25457604e-02,
       3.17975709e-02, 3.02915628e-02, 2.33662363e-02, 1.59228585e-02,
       1.28376602e-02, 1.14703127e-02, 7.18916676e-03, 4.13767071e-03,
       2.59121990e-03, 1.61674404e-03, 9.53291600e-04, 9.53291600e-04,
       5.31532286e-04, 1.20365101e-04, 2.59988618e-05, 0.00000000e+00,
       9.62920808e-07, 0.00000000e+00, 0.00000000e+00, 0.00000000e+00,
       0.00000000e+00, 0.00000000e+00, 0.00000000e+00, 0.00000000e+00,
       0.00000000e+00, 0.00000000e+00, 0.00000000e+00, 0.00000000e+00,
       0.00000000e+00, 0.00000000e+00, 0.00000000e+00, 0.00000000e+00,
       0.00000000e+00, 0.00000000e+00, 0.00000000e+00, 0.00000000e+00,
       0.00000000e+00, 0.00000000e+00, 0.00000000e+00, 0.00000000e+00,
       0.00000000e+00, 0.00000000e+00, 0.00000000e+00, 0.00000000e+00])]